#DataThief C:\Users\Alex\Desktop\sfs04.png Tuesday 26-Feb-2013 7:40:26 PM
0.0707, -9.7537
0.0707, -9.713
0.0707, -9.6722
0.0714, -9.6314
0.0714, -9.5906
0.0714, -9.5499
0.072, -9.5091
0.072, -9.4683
0.072, -9.4275
0.0727, -9.3868
0.0727, -9.346
0.0734, -9.3053
0.0741, -9.2645
0.0741, -9.2237
0.0741, -9.1829
0.0747, -9.1421
0.0747, -9.1014
0.0747, -9.0606
0.0754, -9.0199
0.0754, -8.979
0.0761, -8.9383
0.0761, -8.8976
0.0761, -8.8568
0.0768, -8.8159
0.0768, -8.7752
0.0776, -8.7345
0.0776, -8.6937
0.0783, -8.653
0.0783, -8.6122
0.079, -8.5714
0.079, -8.5306
0.0796, -8.4899
0.0796, -8.4491
0.0796, -8.4083
0.0805, -8.3676
0.0805, -8.3268
0.0805, -8.286
0.0812, -8.2453
0.0812, -8.2045
0.082, -8.1637
0.082, -8.1229
0.0827, -8.0822
0.0827, -8.0414
0.0835, -8.0007
0.0835, -7.9599
0.0843, -7.9191
0.0843, -7.8782
0.0843, -7.8376
0.0851, -7.7968
0.0851, -7.756
0.0858, -7.7153
0.0858, -7.6745
0.0866, -7.6337
0.0866, -7.593
0.0874, -7.5522
0.0882, -7.5114
0.0882, -7.4707
0.0891, -7.4299
0.0891, -7.3891
0.0899, -7.3484
0.0899, -7.3075
0.0899, -7.2668
0.0907, -7.2261
0.0907, -7.1853
0.0916, -7.1445
0.0916, -7.1038
0.0924, -7.063
0.0924, -7.0222
0.0933, -6.9815
0.0941, -6.9407
0.0941, -6.9
0.095, -6.8592
0.095, -6.8184
0.0959, -6.7776
0.0959, -6.7368
0.0968, -6.6961
0.0977, -6.6554
0.0977, -6.6146
0.0986, -6.5739
0.0986, -6.5331
0.0995, -6.4923
0.0995, -6.4515
0.1004, -6.4108
0.1013, -6.37
0.1013, -6.3293
0.1023, -6.2885
0.1023, -6.2477
0.1032, -6.207
0.1032, -6.1662
0.1042, -6.1255
0.1051, -6.0847
0.1051, -6.0439
0.1061, -6.0032
0.1061, -5.9624
0.1071, -5.9216
0.1071, -5.8809
0.1081, -5.8401
0.1091, -5.7993
0.1091, -5.7586
0.1101, -5.7178
0.1101, -5.677
0.1111, -5.6362
0.1121, -5.5956
0.1132, -5.5548
0.1142, -5.5141
0.1142, -5.4733
0.1153, -5.4325
0.1164, -5.3918
0.1164, -5.351
0.1174, -5.3103
0.1185, -5.2695
0.1185, -5.2287
0.1196, -5.188
0.1207, -5.1472
0.1218, -5.1065
0.123, -5.0657
0.123, -5.025
0.1241, -4.9842
0.1253, -4.9435
0.1264, -4.9026
0.1264, -4.8618
0.1276, -4.8212
0.1288, -4.7804
0.1288, -4.7396
0.13, -4.6989
0.1312, -4.6582
0.1324, -4.6174
0.1336, -4.5767
0.1336, -4.5359
0.1348, -4.495
0.136, -4.4544
0.1373, -4.4136
0.1386, -4.3729
0.1399, -4.3321
0.1412, -4.2913
0.1412, -4.2506
0.1425, -4.2099
0.1438, -4.1691
0.1451, -4.1284
0.1465, -4.0876
0.1478, -4.0469
0.1492, -4.0061
0.1506, -3.9654
0.152, -3.9247
0.1534, -3.8839
0.1548, -3.8432
0.1562, -3.8432
0.1577, -3.8432
0.1591, -3.8433
0.1606, -3.8025
0.1621, -3.7618
0.1636, -3.721
0.1651, -3.6803
0.1666, -3.6396
0.1681, -3.5988
0.1697, -3.5988
0.1713, -3.5581
0.1729, -3.5173
0.1745, -3.4766
0.1761, -3.4359
0.1777, -3.3951
0.1793, -3.3544
0.181, -3.3544
0.1827, -3.3136
0.1844, -3.2729
0.1861, -3.273
0.1878, -3.2322
0.1895, -3.2323
0.1913, -3.1915
0.193, -3.1508
0.1948, -3.1508
0.1966, -3.1101
0.1984, -3.0693
0.2003, -3.0694
0.2021, -3.0286
0.204, -2.9879
0.2059, -2.9879
0.2078, -2.9472
0.2097, -2.9472
0.2116, -2.9064
0.2136, -2.9064
0.2155, -2.8657
0.2175, -2.8658
0.2195, -2.825
0.2216, -2.8251
0.2236, -2.7843
0.2257, -2.7844
0.2278, -2.7844
0.2299, -2.7437
0.232, -2.7437
0.2341, -2.7438
0.2363, -2.7029
0.2385, -2.7029
0.2407, -2.7031
0.2429, -2.6623
0.2451, -2.6623
0.2474, -2.6623
0.2497, -2.6217
0.252, -2.6217
0.2543, -2.6218
0.2567, -2.6218
0.259, -2.6218
0.2614, -2.5811
0.2638, -2.5811
0.2663, -2.5812
0.2687, -2.5812
0.2711, -2.5405
0.2737, -2.5405
0.2762, -2.5406
0.2788, -2.5406
0.2814, -2.4998
0.284, -2.4999
0.2866, -2.4999
0.2892, -2.5
0.2919, -2.4592
0.2946, -2.4593
0.2973, -2.4593
0.3, -2.4593
0.3028, -2.4186
0.3056, -2.4186
0.3084, -2.4187
0.3113, -2.4187
0.3141, -2.4595
0.317, -2.4596
0.32, -2.4596
0.3229, -2.4597
0.3259, -2.5005
0.3289, -2.5005
0.3319, -2.5006
0.335, -2.5413
0.3381, -2.5413
0.3412, -2.5415
0.3443, -2.5415
0.3475, -2.5824
0.3507, -2.5824
0.354, -2.5824
0.3572, -2.5825
0.3605, -2.6233
0.3638, -2.6233
0.3672, -2.6234
0.3706, -2.6642
0.374, -2.6643
0.3774, -2.6643
0.3809, -2.6643
0.3844, -2.7052
0.388, -2.7052
0.3915, -2.746
0.3951, -2.7869
0.3988, -2.7869
0.4025, -2.8277
0.4062, -2.8277
0.4099, -2.8686
0.4137, -2.9094
0.4175, -2.9095
0.4213, -2.9503
0.4252, -2.991
0.4291, -2.9912
0.4331, -3.032
0.4371, -3.0728
0.4411, -3.0729
0.4452, -3.1137
0.4493, -3.1137
0.4534, -3.1545
0.4576, -3.1954
0.4618, -3.1954
0.4661, -3.2362
0.4704, -3.2771
0.4747, -3.3179
0.4791, -3.3179
0.4835, -3.3588
0.4879, -3.3996
0.4924, -3.4404
0.4969, -3.4812
0.5015, -3.5221
0.5061, -3.5629
0.5108, -3.5629
0.5154, -3.6038
0.5203, -3.6446
0.525, -3.6854
0.5299, -3.7262
0.5348, -3.7671
0.5396, -3.8079
0.5447, -3.8079
0.5497, -3.8488
0.5547, -3.8896
0.5598, -3.9304
0.565, -3.9713
0.5702, -4.0121
0.5754, -4.0529
0.5807, -4.0937
0.5861, -4.1346
0.5915, -4.1754
0.5969, -4.2162
0.5969, -4.257
0.5969, -4.2978
0.6024, -4.2978
0.6024, -4.3386
0.6078, -4.3387
0.6078, -4.3794
0.6135, -4.3795
0.6135, -4.4203
0.6192, -4.4611
0.6249, -4.5019
0.6306, -4.5428
0.6364, -4.5836
0.6423, -4.5836
0.6423, -4.6244
0.6482, -4.6244
0.6482, -4.6652
0.6482, -4.706
0.6542, -4.7468
0.6602, -4.7877
0.6663, -4.8285
0.6662, -4.8693
0.6724, -4.9101
0.6785, -4.9508
0.6848, -4.951
0.6848, -4.9918
0.6911, -4.9918
0.6911, -5.0326
0.6911, -5.0734
0.6975, -5.1142
0.7039, -5.155
0.7104, -5.1959
0.7103, -5.2367
0.7168, -5.2775
0.7235, -5.3183
0.7301, -5.3591
0.7301, -5.3999
0.7368, -5.4407
0.7436, -5.4816
0.7505, -5.5224
0.7574, -5.5632
0.7643, -5.604
0.7713, -5.6449
0.7713, -5.6857
0.7785, -5.6857
0.7785, -5.7265
0.7785, -5.7673
0.7784, -5.8081
0.7856, -5.8489
0.7928, -5.8897
0.7928, -5.9304
0.8001, -5.9713
0.8075, -6.0122
0.8075, -6.0529
0.8149, -6.0937
0.8224, -6.1346
0.8224, -6.1754
0.83, -6.2162
0.8376, -6.257
0.8453, -6.2979
0.8453, -6.3387
0.8453, -6.3794
0.853, -6.4203
0.853, -6.4611
0.8609, -6.5019
0.8609, -6.5427
0.8688, -6.5835
0.8768, -6.6242
0.8768, -6.6651
0.8848, -6.7059
0.8848, -6.7467
0.893, -6.7875
0.893, -6.8283
0.9012, -6.8692
0.9095, -6.91
0.9094, -6.9508
0.9178, -6.9916
0.9263, -7.0324
0.9262, -7.0732
0.9262, -7.114
0.9262, -7.1548
0.9346, -7.1956
0.9346, -7.2364
0.9433, -7.2772
0.9433, -7.318
0.952, -7.3588
0.952, -7.3996
0.9607, -7.4405
0.9607, -7.4813
0.9696, -7.5221
0.9695, -7.5629
0.9785, -7.6037
0.9784, -7.6444
0.9874, -7.6853
0.9965, -7.7261
0.9965, -7.7669
0.9965, -7.8077
0.9965, -7.8485
1.0056, -7.8893
1.0056, -7.9301
1.0149, -7.9708
1.0242, -8.0118
1.0242, -8.0525
1.0336, -8.0934
1.0336, -8.1342
1.0336, -8.1749
1.0336, -8.2157
1.0431, -8.2566
1.0431, -8.2973
1.043, -8.3381
1.0526, -8.379
1.0526, -8.4197
1.0623, -8.4606
1.0623, -8.5013
1.0623, -8.5421
1.072, -8.583
1.072, -8.6238
1.0819, -8.6646
1.0819, -8.7054
1.0918, -8.7462
1.0918, -8.787
1.0918, -8.8277
1.1018, -8.8686
1.1018, -8.9094
1.1018, -8.9502
1.1118, -8.991
1.1222, -9.0318
1.1221, -9.0726
1.1325, -9.1134
1.1325, -9.1542
1.1324, -9.195
1.1324, -9.2358
1.1324, -9.2766
1.1428, -9.3174
1.1533, -9.3582
1.1533, -9.399
1.1533, -9.4398
1.1533, -9.4806
1.1639, -9.5213
1.1638, -9.5622
1.1746, -9.5623
1.1746, -9.603
