logT kappa
0.0 0.0059508893016
0.01 0.00609899522583
0.02 0.00625064364894
0.03 0.00640591644214
0.04 0.00656489699485
0.05 0.00672767034133
0.06 0.00689432362651
0.07 0.00706494584267
0.08 0.00723962804045
0.09 0.00741846317003
0.1 0.00760154638564
0.11 0.00778897484989
0.12 0.00798084803326
0.13 0.00817726752019
0.14 0.00837833733509
0.15 0.00858416373862
0.16 0.00879485557311
0.17 0.00901052405234
0.18 0.00923128312989
0.19 0.00945724928238
0.2 0.00968854190052
0.21 0.00992528306772
0.22 0.0101675979743
0.23 0.0104156146933
0.24 0.0106694646188
0.25 0.0109292822414
0.26 0.0111952056109
0.27 0.0114673761151
0.28 0.0117459389689
0.29 0.0120310429993
0.3 0.0123228411644
0.31 0.0126214903473
0.32 0.0129271519113
0.33 0.0132399915055
0.34 0.0135601796639
0.35 0.0138878916264
0.36 0.0142233079929
0.37 0.0145666145617
0.38 0.0149180030552
0.39 0.0152776709774
0.4 0.0156458224314
0.41 0.0160226679988
0.42 0.0164084256735
0.43 0.0168033207667
0.44 0.0172075869871
0.45 0.0176214663766
0.46 0.0180452105731
0.47 0.0184790807833
0.48 0.018923349272
0.49 0.0193782993807
0.5 0.0198442272956
0.51 0.0203214421243
0.52 0.0208102680031
0.53 0.02131104425
0.54 0.0218241278813
0.55 0.0223498938668
0.56 0.0228887381368
0.57 0.0234410779735
0.58 0.0240073556049
0.59 0.0245880387766
0.6 0.0251836250451
0.61 0.0257946425888
0.62 0.0264216553339
0.63 0.0270652640791
0.64 0.0277261126133
0.65 0.0284048892493
0.66 0.0291023341229
0.67 0.0298192412563
0.68 0.0305564672647
0.69 0.0313149341028
0.7 0.0320956394474
0.71 0.0328996603178
0.72 0.0337281654535
0.73 0.0345824200466
0.74 0.0354638004854
0.75 0.0363738004984
0.76 0.0373140486886
0.77 0.0382863164627
0.78 0.0392925388388
0.79 0.0403348246245
0.8 0.0414154810403
0.81 0.042537026721
0.82 0.0437022207636
0.83 0.0449140792555
0.84 0.0461759094362
0.85 0.0474913306077
0.86 0.0488643141949
0.87 0.0502992100712
0.88 0.0518007934109
0.89 0.0533742976677
0.9 0.0550254692157
0.91 0.0567606084482
0.92 0.0585866332602
0.93 0.0605111299839
0.94 0.0625424266983
0.95 0.0646896559595
0.96 0.0669628386398
0.97 0.0693729605838
0.98 0.0719320670713
0.99 0.0746533555342
1.0 0.0775512797262
1.01 0.0806416602972
1.02 0.083941796336
1.03 0.0874705946916
1.04 0.091248684849
1.05 0.0952985661214
1.06 0.099644720106
1.07 0.10431377196
1.08 0.109334593386
1.09 0.114738469916
1.1 0.12055918703
1.11 0.126833189633
1.12 0.133599645071
1.13 0.140900573921
1.14 0.148780886785
1.15 0.157288457676
1.16 0.166474136673
1.17 0.176391729431
1.18 0.18709799497
1.19 0.198652488462
1.2 0.211117561931
1.21 0.224558024162
1.22 0.239041170905
1.23 0.254636217416
1.24 0.271414392465
1.25 0.289448107732
1.26 0.30881115492
1.27 0.329577594016
1.28 0.351822093688
1.29 0.375618549164
1.3 0.401040601954
1.31 0.428160039906
1.32 0.457047523375
1.33 0.487770877609
1.34 0.520396040692
1.35 0.554985436767
1.36 0.591599149962
1.37 0.630293675591
1.38 0.671123318241
1.39 0.714139774259
1.4 0.759393754281
1.41 0.806936082331
1.42 0.856819550765
1.43 0.909102570112
1.44 0.963851263896
1.45 1.02114721933
1.46 1.08108978956
1.47 1.14381022601
1.48 1.20947402483
1.49 1.27830468569
1.5 1.3505856512
1.51 1.42669808197
1.52 1.5071214316
1.53 1.59249077588
1.54 1.68359432559
1.55 1.78145664169
1.56 1.88733049963
1.57 2.00281219745
1.58 2.12982439665
1.59 2.2707679462
1.6 2.42849208241
1.61 2.60648295347
1.62 2.80881848515
1.63 3.04038647311
1.64 3.30682418967
1.65 3.61474836557
1.66 3.97168474382
1.67 4.38627913806
1.68 4.86822970864
1.69 5.42843421001
1.7 6.07894713181
1.71 6.83300589634
1.72 7.70504466553
1.73 8.71053500976
1.74 9.86609582092
1.75 11.189085361
1.76 12.6978495787
1.77 14.4110152857
1.78 16.3479146258
1.79 18.5275547037
1.8 20.9692422401
1.81 23.6912423737
1.82 26.711604424
1.83 30.046568421
1.84 33.7115620881
1.85 37.7194623484
1.86 42.0816987549
1.87 46.8065217699
1.88 51.9001139883
1.89 57.3650500662
1.9 63.2012899109
1.91 69.4050303371
1.92 75.9694392489
1.93 82.8840919872
1.94 90.1353063754
1.95 97.7063255136
1.96 105.577132339
1.97 113.725486476
1.98 122.126133249
1.99 130.752729089
2.0 139.576410985
2.01 148.568559258
2.02 157.698754583
2.03 166.938236941
2.04 176.257342341
2.05 185.629432079
2.06 195.027963044
2.07 204.430592095
2.08 213.816085014
2.09 223.168256456
2.1 232.472956413
2.11 241.721494689
2.12 250.907954578
2.13 260.03177723
2.14 269.095636554
2.15 278.106924044
2.16 287.076375997
2.17 296.018299223
2.18 304.950074242
2.19 313.89108742
2.2 322.863148184
2.21 331.888229617
2.22 340.989743341
2.23 350.189321775
2.24 359.508802607
2.25 368.966394664
2.26 378.579146647
2.27 388.358910101
2.28 398.31501469
2.29 408.450466024
2.3 418.764529423
2.31 429.249573796
2.32 439.893280397
2.33 450.676470044
2.34 461.574700731
2.35 472.557304257
2.36 483.588210141
2.37 494.62628395
2.38 505.625304795
2.39 516.535558586
2.4 527.302990643
2.41 537.871879734
2.42 548.183274387
2.43 558.178472209
2.44 567.796918295
2.45 576.980148991
2.46 585.669376361
2.47 593.809530696
2.48 601.346773152
2.49 608.23228591
2.5 614.419946343
2.51 619.869562193
2.52 624.544908661
2.53 628.416179265
2.54 631.458538267
2.55 633.653645177
2.56 634.988816279
2.57 635.457571192
2.58 635.059436369
2.59 633.79954607
2.6 631.689064241
2.61 628.743942269
2.62 624.98588865
2.63 620.440437311
2.64 615.138360226
2.65 609.113230967
2.66 602.403155169
2.67 595.048024907
2.68 587.091435301
2.69 578.577818713
2.7 569.554421106
2.71 560.068484681
2.72 550.169172239
2.73 539.904937061
2.74 529.325304505
2.75 518.478532997
2.76 507.413186425
2.77 496.176153984
2.78 484.813971944
2.79 473.371235998
2.8 461.891654477
2.81 450.416857137
2.82 438.987182362
2.83 427.6408625
2.84 416.414564062
2.85 405.342912432
2.86 394.458816281
2.87 383.79328369
2.88 373.375570042
2.89 363.233232785
2.9 353.392146469
2.91 343.876743459
2.92 334.709941294
2.93 325.913520318
2.94 317.508007946
2.95 309.513149814
2.96 301.947793581
2.97 294.830416155
2.98 288.179046862
2.99 282.011818054
3.0 276.346963944
3.01 271.203364362
3.02 266.600650979
3.03 262.559713772
3.04 259.102939961
3.05 256.254650429
3.06 254.04148745
3.07 252.49274547
3.08 251.640910518
3.09 251.521848748
3.1 252.175482668
3.11 253.645804361
3.12 255.981651462
3.13 259.236522235
3.14 263.469388994
3.15 268.744310262
3.16 275.131193698
3.17 282.705225678
3.18 291.54747364
3.19 301.744182762
3.2 313.387093539
3.21 326.572684215
3.22 341.402077817
3.23 357.98033197
3.24 376.415824105
3.25 396.81970152
3.26 419.304665915
3.27 443.984691493
3.28 470.973179824
3.29 500.383030043
3.3 532.324199276
3.31 566.904167013
3.32 604.225009504
3.33 644.384243545
3.34 687.471598324
3.35 733.570158006
3.36 782.753083519
3.37 835.084906107
3.38 890.618506754
3.39 949.396352482
3.4 1011.44807601
3.41 1076.79140065
3.42 1145.43067285
3.43 1217.3571961
3.44 1292.5490523
3.45 1370.97056397
3.46 1452.57369735
3.47 1537.29639636
3.48 1625.0657946
3.49 1715.79521226
3.5 1809.38932036
