logT kappa
0.0 0.0449569338185
0.01 0.0460314503642
0.02 0.0471294104463
0.03 0.0482513494231
0.04 0.0493978191953
0.05 0.0505693911427
0.06 0.0517666642942
0.07 0.0529902629573
0.08 0.0542408423911
0.09 0.0555190878699
0.1 0.0568257228933
0.11 0.0581615077276
0.12 0.0595272491057
0.13 0.060923798757
0.14 0.0623520653205
0.15 0.0638130127144
0.16 0.0653076744072
0.17 0.0668371517347
0.18 0.0684026307155
0.19 0.0700053804614
0.2 0.0716467725084
0.21 0.0733282796086
0.22 0.075051497331
0.23 0.07681814368
0.24 0.0786300824308
0.25 0.0804893242049
0.26 0.0823980506865
0.27 0.0843586179811
0.28 0.0863735805224
0.29 0.088445697736
0.3 0.0905779561257
0.31 0.0927735804328
0.32 0.0950360521334
0.33 0.0973691264023
0.34 0.0997768450948
0.35 0.102263560872
0.36 0.104833942733
0.37 0.107493008607
0.38 0.110246121678
0.39 0.113099032584
0.4 0.116057865167
0.41 0.11912916913
0.42 0.122319894433
0.43 0.125637454863
0.44 0.129089691051
0.45 0.132684944925
0.46 0.136432012183
0.47 0.14034022707
0.48 0.144419405991
0.49 0.148679941543
0.5 0.153132739693
0.51 0.157789321562
0.52 0.162661757099
0.53 0.167762772815
0.54 0.173105685077
0.55 0.178704511881
0.56 0.184573908701
0.57 0.190729282464
0.58 0.197186732383
0.59 0.203963164539
0.6 0.211076239318
0.61 0.218544485398
0.62 0.226387254446
0.63 0.234624833763
0.64 0.24327840794
0.65 0.252370169835
0.66 0.261923288105
0.67 0.271962016522
0.68 0.282511665812
0.69 0.293598711489
0.7 0.305250768349
0.71 0.317496696981
0.72 0.330366579588
0.73 0.34389182517
0.74 0.358105145987
0.75 0.373040661108
0.76 0.388733873765
0.77 0.405221772588
0.78 0.42254281108
0.79 0.440737005565
0.8 0.459845918913
0.81 0.479912754032
0.82 0.500982344699
0.83 0.523101243398
0.84 0.546317722539
0.85 0.570681855675
0.86 0.596245532494
0.87 0.623062532905
0.88 0.651188559042
0.89 0.680681302385
0.9 0.711600495658
0.91 0.744007974046
0.92 0.777967749386
0.93 0.813546067628
0.94 0.850811507186
0.95 0.889835036061
0.96 0.930690135714
0.97 0.973452862681
0.98 1.01820199897
0.99 1.06501912461
1.0 1.11398879537
1.01 1.16519863458
1.02 1.21873953912
1.03 1.27470580096
1.04 1.33319534303
1.05 1.39430988355
1.06 1.45815520414
1.07 1.52484137344
1.08 1.59448305039
1.09 1.66719978753
1.1 1.74311637203
1.11 1.82236323343
1.12 1.90507682184
1.13 1.99140014862
1.14 2.08148319454
1.15 2.17548361307
1.16 2.27356714958
1.17 2.37590853283
1.18 2.48269187157
1.19 2.59411174583
1.2 2.71037353331
1.21 2.83169468553
1.22 2.95830493027
1.23 3.09044767713
1.24 3.22838005411
1.25 3.37237433724
1.26 3.5227178195
1.27 3.67971411234
1.28 3.84368292042
1.29 4.01496104352
1.3 4.19390223938
1.31 4.38087779848
1.32 4.5762768043
1.33 4.78050630562
1.34 4.99399239678
1.35 5.21718031746
1.36 5.45053682562
1.37 5.69455104394
1.38 5.94973852526
1.39 6.21664433345
1.4 6.49584894822
1.41 6.78797585355
1.42 7.09369896418
1.43 7.41375775586
1.44 7.74896524089
1.45 8.1002341848
1.46 8.46858391408
1.47 8.85518112668
1.48 9.26134317494
1.49 9.68859607474
1.5 10.1386716433
1.51 10.613583282
1.52 11.1156147699
1.53 11.6474111328
1.54 12.2119582565
1.55 12.8126818087
1.56 13.4534192502
1.57 14.138514809
1.58 14.8727887915
1.59 15.661611794
1.6 16.5108800137
1.61 17.4270482008
1.62 18.4171232227
1.63 19.4886337313
1.64 20.6496566599
1.65 21.9087030155
1.66 23.2747924282
1.67 24.7572392639
1.68 26.3657881886
1.69 28.1102927385
1.7 30.0009199364
1.71 32.0477237615
1.72 34.2609195405
1.73 36.6503661701
1.74 39.2259021868
1.75 41.9967616603
1.76 44.9719547466
1.77 48.1596515616
1.78 51.5675819188
1.79 55.2024282991
1.8 59.0702134107
1.81 63.1757472419
1.82 67.5229676443
1.83 72.1144875545
1.84 76.95185306
1.85 82.0352356598
1.86 87.3635738691
1.87 92.9344522645
1.88 98.7440960995
1.89 104.78747389
1.9 111.058119341
1.91 117.548486901
1.92 124.249581487
1.93 131.151585866
1.94 138.243286566
1.95 145.512977188
1.96 152.94767904
1.97 160.534305115
1.98 168.258686886
1.99 176.106960254
2.0 184.064425462
2.01 192.117090943
2.02 200.250410408
2.03 208.450896615
2.04 216.704796361
2.05 224.999668145
2.06 233.323069174
2.07 241.663983194
2.08 250.011600592
2.09 258.356488725
2.1 266.689544211
2.11 275.002819278
2.12 283.288712998
2.13 291.540402294
2.14 299.751316571
2.15 307.915167072
2.16 316.025719423
2.17 324.076463855
2.18 332.060666589
2.19 339.970768706
2.2 347.798665053
2.21 355.534954088
2.22 363.169367145
2.23 370.690009778
2.24 378.083848967
2.25 385.336085278
2.26 392.430603391
2.27 399.349593815
2.28 406.073883379
2.29 412.582888326
2.3 418.854764359
2.31 424.866725215
2.32 430.594982866
2.33 436.015414096
2.34 441.103295882
2.35 445.834254198
2.36 450.183832454
2.37 454.128618039
2.38 457.645708516
2.39 460.713886808
2.4 463.313067351
2.41 465.425382535
2.42 467.034697511
2.43 468.12747837
2.44 468.692459696
2.45 468.721186771
2.46 468.207905729
2.47 467.149704012
2.48 465.546671623
2.49 463.401601558
2.5 460.720445329
2.51 457.511573478
2.52 453.786522488
2.53 449.558850549
2.54 444.845149155
2.55 439.66355786
2.56 434.034994472
2.57 427.981412629
2.58 421.527191
2.59 414.697228347
2.6 407.518425086
2.61 400.017712415
2.62 392.223558763
2.63 384.164023761
2.64 375.868226664
2.65 367.364504153
2.66 358.681786575
2.67 349.847922762
2.68 340.890921471
2.69 331.837488584
2.7 322.714104045
2.71 313.545798722
2.72 304.357050172
2.73 295.170809534
2.74 286.009211576
2.75 276.892847269
2.76 267.841294076
2.77 258.872617938
2.78 250.003738174
2.79 241.250133783
2.8 232.626063475
2.81 224.144445384
2.82 215.816956664
2.83 207.654052705
2.84 199.664972586
2.85 191.857863262
2.86 184.239717274
2.87 176.816568711
2.88 169.593388261
2.89 162.574320527
2.9 155.762559177
2.91 149.160598962
2.92 142.770110696
2.93 136.592185691
2.94 130.627226921
2.95 124.875168178
2.96 119.335394295
2.97 114.006921889
2.98 108.888358156
2.99 103.978034334
3.0 99.2740095208
3.01 94.7741517996
3.02 90.4761908709
3.03 86.37774501
3.04 82.4764240986
3.05 78.7698031667
3.06 75.25557567
3.07 71.9314763125
3.08 68.7954830846
3.09 65.8456934206
3.1 63.0805725326
3.11 60.4987878195
3.12 58.09950032
3.13 55.8821627835
3.14 53.8468505302
3.15 51.9940288634
3.16 50.3249191938
3.17 48.8412416375
3.18 47.5456118868
3.19 46.4412649965
3.2 45.532478142
3.21 44.8242818073
3.22 44.3229032681
3.23 44.0354716783
3.24 43.9704768777
3.25 44.1374752192
3.26 44.5475581809
3.27 45.2130661528
3.28 46.1480613854
3.29 47.3680573341
3.3 48.8904907779
3.31 50.734474657
3.32 52.9212648335
3.33 55.4740446107
3.34 58.4183826804
3.35 61.782057626
3.36 65.5955052104
3.37 69.8916910725
3.38 74.7065477493
3.39 80.0789034222
3.4 86.0509120028
3.41 92.6680451358
3.42 99.9795223701
3.43 108.038372712
3.44 116.901876408
3.45 126.631701276
3.46 137.294373095
3.47 148.961490924
3.48 161.710249866
3.49 175.623738797
3.5 190.791548076
