#DataThief C:\Users\Alex\Desktop\kappa.png Monday 11-Mar-2013 3:02:57 PM
0.1005, 45485.3663
0.1024, 43484.1926
0.1024, 41570.1008
0.1024, 39740.2638
0.1044, 37991.8516
0.1044, 36319.5223
0.1044, 34720.8058
0.1064, 33193.2295
0.1064, 31732.1265
0.1064, 30335.3384
0.1064, 29000.0344
0.1064, 27723.5078
0.1064, 26503.1716
0.1064, 25336.5522
0.1084, 24221.8455
0.1084, 23155.6458
0.1084, 22136.378
0.1084, 21161.9767
0.1084, 20230.4666
0.1085, 19339.9598
0.1105, 18489.0792
0.1105, 17675.225
0.1105, 16897.1951
0.1105, 16153.4126
0.1105, 15442.37
0.1105, 14762.6261
0.1127, 14113.1298
0.1127, 13491.8965
0.1127, 12898.0088
0.1127, 12330.2629
0.1127, 11787.5081
0.1127, 11268.6444
0.1127, 10772.62
0.1127, 10298.4297
0.1127, 9845.1123
0.1127, 9411.7492
0.1127, 8997.4618
0.1127, 8601.4106
0.1127, 8222.7928
0.1127, 7860.841
0.1148, 7514.9956
0.1148, 7184.1997
0.1148, 6867.9649
0.117, 6565.8018
0.117, 6276.7877
0.117, 6000.4955
0.117, 5736.3651
0.1193, 5483.988
0.1193, 5242.5932
0.1193, 5011.8242
0.1216, 4791.3241
0.1216, 4580.4191
0.1239, 4378.899
0.1239, 4186.1482
0.1263, 4001.9744
0.1287, 3825.9036
0.1311, 3657.5792
0.1337, 3496.6604
0.1362, 3342.8213
0.1388, 3195.7506
0.1415, 3055.1504
0.1442, 2920.736
0.1469, 2792.2354
0.1497, 2669.3881
0.1498, 2551.8868
0.1526, 2439.6139
0.1526, 2332.2268
0.1555, 2229.6181
0.1555, 2131.4746
0.1585, 2037.6983
0.1585, 1948.0027
0.1585, 1862.2553
0.1616, 1780.3235
0.1616, 1701.9571
0.1616, 1627.0401
0.1647, 1555.4569
0.1647, 1486.9886
0.1678, 1421.5671
0.1678, 1358.9924
0.1678, 1299.1721
0.171, 1242.0138
0.171, 1187.3427
0.171, 1135.0781
0.171, 1085.1141
0.171, 1037.3495
0.171, 991.6873
0.1743, 948.057
0.1743, 906.3254
0.1743, 866.4306
0.1743, 828.292
0.1743, 791.8322
0.1777, 756.9947
0.1777, 723.6732
0.1777, 691.8185
0.1811, 661.3813
0.1811, 632.2685
0.1844, 604.4512
0.1844, 577.8445
0.1844, 552.4088
0.1844, 528.0928
0.1844, 504.8472
0.1881, 482.6359
0.1881, 461.3912
0.1881, 441.0817
0.1881, 421.6661
0.1881, 403.1051
0.1917, 385.37
0.1917, 368.4069
0.1917, 352.1903
0.1917, 336.6875
0.1954, 321.8746
0.1954, 307.7063
0.1954, 294.1617
0.1954, 281.2132
0.1954, 268.8348
0.1991, 257.0071
0.1991, 245.6942
0.2029, 234.8846
0.2029, 224.5453
0.2068, 214.6663
0.2068, 205.2171
0.2068, 196.1838
0.2107, 187.5525
0.2107, 179.2968
0.2107, 171.4045
0.2107, 163.8596
0.2147, 156.6505
0.2147, 149.755
0.2189, 143.1663
0.2231, 136.8676
0.2231, 130.843
0.2274, 125.0864
0.2318, 119.5831
0.2318, 114.3193
0.2362, 109.2897
0.2407, 104.4814
0.2407, 99.8822
0.2453, 99.8846
0.25, 99.8869
0.2548, 99.8893
0.2597, 99.8916
0.2646, 99.8939
0.2697, 99.8961
0.2748, 99.8984
0.2801, 99.9008
0.2854, 99.9031
0.2909, 99.9054
0.2964, 99.9077
0.3021, 99.9101
0.3079, 95.5144
0.3138, 91.3122
0.3197, 91.3143
0.3197, 87.2948
0.3197, 83.4522
0.3197, 79.7788
0.3197, 76.2671
0.3259, 72.9117
0.3259, 69.7022
0.3322, 69.7039
0.3322, 66.6356
0.3322, 63.7024
0.3322, 60.8984
0.3385, 58.2191
0.3385, 55.6564
0.3385, 53.2065
0.345, 50.8656
0.345, 48.6266
0.3516, 48.6278
0.3583, 46.4883
0.3652, 44.443
0.3721, 42.4877
0.3793, 42.4887
0.3865, 42.4897
0.3939, 42.4907
0.4015, 42.4916
0.4091, 42.4926
0.417, 42.4936
0.4249, 42.4946
0.433, 42.4956
0.4413, 42.4966
0.4498, 42.4975
0.4584, 42.4985
0.4671, 42.4995
0.476, 42.5005
0.4851, 42.5015
0.4944, 42.5025
0.5039, 42.5034
0.5135, 42.5044
0.5232, 42.5053
0.5333, 42.5064
0.5434, 42.5074
0.5539, 44.4657
0.5645, 44.4667
0.5753, 44.4677
0.5862, 44.4687
0.5974, 44.4698
0.6089, 44.4708
0.6205, 44.4718
0.6324, 44.4729
0.6444, 44.4739
0.6568, 46.5228
0.6693, 46.5238
0.6821, 46.5249
0.6951, 46.526
0.7084, 46.5271
0.722, 46.5281
0.7358, 46.5292
0.7498, 46.5303
0.7642, 46.5314
0.7787, 48.675
0.7936, 48.6762
0.8088, 48.6773
0.8242, 48.6784
0.8399, 48.6795
0.8561, 48.6806
0.8723, 48.6818
0.8891, 48.6829
0.9061, 48.684
0.9234, 50.9268
0.9409, 50.928
0.959, 50.9292
0.9773, 50.9304
0.996, 50.9316
1.0151, 50.9327
1.0345, 50.9339
1.0542, 50.9351
1.0744, 50.9363
1.0949, 53.2829
1.1158, 53.2841
1.1371, 53.2852
1.1589, 55.7402
1.181, 55.7414
1.2036, 55.7427
1.2266, 55.744
1.25, 55.7452
1.2739, 55.7466
1.2983, 55.7479
1.3231, 55.7492
1.3484, 55.7505
1.374, 55.7518
1.4003, 55.753
1.4272, 55.7543
1.4544, 55.7556
1.4822, 55.7569
1.5106, 55.7582
1.5394, 55.7595
1.5689, 55.7608
1.5988, 55.7621
1.6294, 55.7633
1.6604, 55.7647
1.6923, 55.7659
1.7246, 55.7671
1.7576, 55.7685
1.7912, 55.7698
1.8254, 55.7711
1.8603, 55.7724
1.8958, 55.7737
1.9321, 55.775
1.9689, 55.7763
2.0066, 55.7776
2.045, 55.7789
2.0841, 55.7801
2.1239, 55.7814
2.1645, 55.7827
2.2059, 55.784
2.248, 55.7852
2.291, 55.7866
2.3348, 55.7879
2.3794, 53.3334
2.4249, 53.3347
2.4713, 53.3359
2.5185, 53.3371
2.5667, 50.9905
2.6157, 50.9917
2.6657, 50.9929
2.7167, 50.9941
2.7686, 50.9952
2.8216, 48.7517
2.8755, 46.6068
2.9304, 46.6078
2.9866, 44.5573
3.0436, 44.5583
3.1019, 42.5979
3.1612, 40.7238
3.2216, 40.7247
3.2833, 38.933
3.3461, 37.2201
3.41, 37.221
3.4753, 35.5834
3.5417, 34.0179
3.6094, 34.0187
3.6785, 32.522
3.7489, 31.0911
3.8205, 31.0919
3.8936, 29.7239
3.9681, 28.4162
4.044, 27.166
4.1214, 25.9708
4.2002, 24.8282
4.2806, 23.7359
4.3624, 22.6916
4.4459, 21.6932
4.531, 20.7388
4.6176, 19.8264
4.706, 18.9541
4.796, 18.1202
4.8878, 17.323
4.9813, 16.5609
5.0766, 15.8322
5.1736, 15.8326
5.2726, 15.136
5.2727, 14.4698
5.3734, 14.4701
5.3735, 13.8332
5.4763, 13.2246
5.5811, 12.6427
5.6878, 12.643
5.7966, 12.0868
5.9074, 12.0871
5.9075, 11.555
5.7967, 11.5547
5.7966, 12.0868
5.7965, 12.6433
5.9072, 13.2258
5.907, 13.8348
6.0199, 13.8351
6.0201, 13.2261
6.0199, 13.8351
6.0198, 14.4721
6.0197, 15.1385
6.0196, 15.8355
6.0195, 16.5647
6.0194, 17.3274
6.0193, 18.1252
6.0192, 18.9598
6.0191, 19.8328
6.1341, 19.8333
6.134, 20.7465
6.2511, 21.7023
6.251, 22.7016
6.2509, 23.7468
6.3702, 24.8408
6.37, 25.9846
6.4918, 25.9851
6.4917, 27.1817
6.4916, 28.4333
6.4915, 29.7425
6.4914, 31.112
6.6153, 32.5453
6.6152, 34.0439
6.6151, 35.6114
6.6149, 37.2511
6.6148, 38.9664
6.7412, 38.9673
6.741, 40.7614
6.8698, 42.6393
7.001, 44.6037
7.1347, 46.6585
7.2709, 48.8081
7.4097, 51.0566
7.4096, 53.4075
7.4094, 55.8667
7.4093, 58.439
7.4092, 61.1299
7.5506, 63.9461
7.5505, 66.8904
7.5504, 69.9704
7.5502, 73.1922
7.5501, 76.5623
7.6942, 80.0895
7.8411, 83.7791
7.841, 87.6367
7.8408, 91.672
7.8407, 95.893
7.8406, 100.3084
7.8404, 104.9271
7.8403, 109.7584
7.8401, 114.8122
7.8399, 120.0988
7.8397, 125.6287
7.8397, 131.4133
7.8395, 137.4642
7.8394, 143.7936
7.8392, 150.4147
7.8391, 157.3405
7.839, 164.5852
7.8388, 172.1635
7.8387, 180.0908
7.8385, 188.3831
7.8384, 197.0571
7.8382, 206.1306
7.9879, 215.6269
7.9877, 225.5554
7.9876, 235.9411
7.9874, 246.805
7.9872, 258.1691
7.9872, 270.0564
7.987, 282.4912
7.9868, 295.4984
7.9867, 309.1046
7.9866, 323.3373
7.9864, 338.2254
7.9863, 353.7989
7.9861, 370.0896
7.986, 387.1303
7.9858, 404.9557
7.9857, 423.6019
7.9855, 443.1066
7.9854, 463.5093
7.9851, 484.8516
7.9851, 507.1766
7.9849, 530.5295
7.9848, 554.9577
7.9846, 580.5106
7.9845, 607.2402
7.9843, 635.2005
7.9842, 664.4483
7.984, 695.0427
7.9839, 727.0459
7.9838, 760.5227
7.9836, 795.5409
7.9835, 832.1715
7.9832, 870.4888
7.9832, 910.5704
7.983, 952.4975
7.9828, 996.3552
7.9827, 1042.2322
7.9826, 1090.2217
7.9824, 1140.4209
7.9823, 1192.9315
7.9821, 1247.8599
7.982, 1305.3175
8.1344, 1365.4523
8.1342, 1428.3245
8.1341, 1494.0916
8.1339, 1562.8869
8.1338, 1634.8498
8.1336, 1710.1264
8.1335, 1788.869
8.1333, 1871.2373
8.1332, 1957.3982
8.133, 2047.5265
8.1329, 2141.8047
8.1327, 2240.4239
8.1326, 2343.584
8.1324, 2451.4942
8.1323, 2564.373
8.132, 2682.4493
8.132, 2805.9625
8.1318, 2935.1628
8.1317, 3070.3121
8.1315, 3211.6844
8.1314, 3359.5661
8.1312, 3514.257
8.1311, 3676.0707
8.1309, 3845.3351
8.1308, 4022.3932
8.1306, 4207.6038
8.1305, 4401.3427
8.1303, 4604.0021
8.1302, 4815.9929
8.13, 5037.745
8.2852, 5269.8295
8.2851, 5512.4783
8.2849, 5766.2999
8.2848, 6031.8087
8.2846, 6309.5428
8.2845, 6600.0652
8.2843, 6903.9646
8.4425, 7222.0241
8.4423, 7554.5615
8.6037, 7554.7363
8.6035, 7902.5935
8.7678, 8266.659
8.7675, 8647.2966
8.6032, 8647.0966
8.6034, 8266.4678
8.768, 7902.7763
8.9354, 8266.8502
8.9355, 7902.9592
8.7681, 7554.9111
8.6037, 7554.7363
8.7683, 7222.3582
8.9357, 7555.0859
8.9359, 7222.5253
8.936, 6904.6034
8.9362, 6600.6759
8.9364, 6310.1266
8.9365, 6032.3668
8.9367, 5766.8335
8.9369, 5512.9884
8.937, 5270.3171
8.9372, 5038.3277
8.9374, 4816.5501
8.9375, 4604.5347
8.9377, 4401.8518
8.9379, 4208.0906
8.938, 4022.8585
8.9382, 3845.7799
8.9384, 3676.4959
8.9385, 3514.6635
8.9386, 3359.9546
8.9388, 3212.0559
8.939, 3070.6673
8.9392, 2935.5023
8.9394, 2806.2871
8.9395, 2682.7596
8.9397, 2564.6696
8.9398, 2451.7776
8.94, 2343.8551
8.9402, 2240.6831
8.9403, 2142.0524
8.9405, 2047.7633
8.9407, 1957.6247
8.9407, 1871.4538
8.9409, 1789.0759
8.9412, 1710.3242
8.9413, 1635.039
8.9415, 1563.0676
8.9417, 1494.2644
8.9418, 1428.4897
8.942, 1365.6103
8.9422, 1305.4987
8.9423, 1248.0331
9.1134, 1193.1247
9.1136, 1140.6056
9.1137, 1090.3982
9.1139, 1042.401
9.1141, 996.5165
9.1142, 952.6517
9.2886, 910.7389
9.2888, 870.6499
9.289, 832.3255
9.2891, 795.6881
9.2893, 760.6635
9.2894, 727.1804
9.4672, 695.1875
9.4674, 664.5866
9.4675, 635.3328
9.4677, 607.3666
9.4679, 580.6315
9.4681, 555.0732
9.4682, 530.6399
9.4684, 507.2822
9.4686, 484.9526
9.4687, 463.6059
9.4689, 443.1988
9.4691, 423.6901
9.4693, 405.04
9.4695, 387.2109
9.6505, 370.1752
9.6508, 353.8808
9.651, 338.3035
9.6512, 323.4121
9.6513, 309.1762
9.6515, 295.5668
9.6517, 282.5565
9.6519, 270.1189
9.6521, 258.2288
9.6522, 246.862
9.6524, 235.9957
9.6526, 225.6076
9.6528, 215.6768
9.653, 206.1831
9.6531, 197.1073
9.8378, 188.4354
9.838, 180.1408
9.8382, 172.2113
9.8384, 164.6309
9.8385, 157.3841
9.8387, 150.4564
9.8389, 143.8336
9.8391, 137.5023
9.8393, 131.4497
9.8394, 125.6636
9.8396, 120.132
9.8397, 114.8441
10.0281, 109.7913
10.0282, 104.9586
10.0284, 100.3385
10.0286, 95.9218
10.0288, 91.6995
10.029, 87.6631
10.0292, 83.8043
10.0294, 80.1154
10.2212, 76.5907
10.2214, 73.2193
10.2216, 69.9963
10.4172, 66.9167
10.4173, 63.9712
10.6166, 61.1567
10.6168, 58.4647
10.617, 55.8912
10.8201, 53.4322
10.8203, 51.0802
11.0274, 48.8329
11.0276, 46.6834
11.0278, 44.6284
11.2387, 42.665
11.2389, 40.787
11.2391, 38.9916
11.454, 38.9925
11.4537, 40.7879
11.2389, 40.787
11.0284, 38.9907
11.0282, 40.786
11.2387, 42.665
11.2385, 44.6295
11.4535, 42.666
11.4533, 44.6305
11.2383, 46.6844
11.4531, 46.6855
11.2381, 48.834
11.4529, 48.8352
11.4527, 51.0838
11.4525, 53.4359
11.4523, 55.8963
11.452, 58.4701
11.4518, 61.1623
11.4516, 63.9786
11.4514, 66.9245
11.4512, 70.006
11.451, 73.2295
11.4508, 76.6013
11.4506, 80.1284
11.4504, 83.8178
11.4501, 87.6773
11.4499, 91.7144
11.4497, 95.9374
11.4495, 100.3548
11.4493, 104.9756
11.4491, 109.8092
11.4489, 114.8654
11.4487, 120.1543
11.6672, 125.6897
11.667, 131.4771
11.6667, 137.531
11.6665, 143.8636
11.6663, 150.4877
11.6662, 157.4169
11.666, 164.6652
11.6657, 172.2472
11.6655, 180.1783
11.8883, 188.4788
11.888, 197.1574
11.8878, 206.2355
11.8876, 215.7316
12.1146, 225.6702
12.1143, 236.0612
12.1141, 246.9306
12.3454, 258.3065
12.3452, 270.2002
12.345, 282.6415
12.3447, 295.6557
12.3445, 309.2691
12.3443, 323.5093
12.3439, 338.4054
12.1123, 353.979
12.1121, 370.278
12.1118, 387.3274
12.1117, 405.1619
12.3431, 405.1712
12.1117, 405.1619
11.8845, 405.1525
11.8847, 387.3184
12.1118, 387.3274
12.3434, 387.3364
12.3436, 370.2865
12.1121, 370.278
11.885, 370.2694
11.8852, 353.9708
12.1126, 338.3976
11.8852, 353.9708
11.8854, 338.3897
11.8856, 323.4945
12.113, 309.262
12.1132, 295.6489
12.1134, 282.635
12.1137, 270.1939
12.1139, 258.3005
12.1141, 246.9306
12.3456, 246.9363
12.5816, 246.942
12.8223, 236.0776
12.8225, 225.6859
12.8228, 215.7516
12.823, 206.2546
12.8232, 197.1757
12.8235, 188.4964
12.8237, 180.1991
12.8239, 172.2671
13.0693, 164.688
13.0695, 157.4388
13.0698, 150.5086
13.07, 143.8835
12.8251, 137.5469
12.8254, 131.4923
12.8256, 125.7043
12.8258, 120.171
12.826, 114.8813
12.8263, 109.8245
12.8266, 104.9902
12.8268, 100.3687
12.827, 95.9506
13.0722, 95.9529
13.3223, 91.7314
13.5772, 87.6955
13.8369, 83.8373
14.1013, 83.8392
14.1016, 80.1488
14.3711, 80.1506
14.6455, 83.8431
14.3706, 87.7016
14.3709, 83.8412
14.3706, 87.7016
14.645, 91.742
14.9249, 91.7441
15.2101, 91.7462
15.5005, 95.9729
15.2096, 100.3896
15.5002, 100.3919
15.7962, 105.0169
15.7959, 109.8524
15.7955, 114.9104
15.7953, 120.2016
15.795, 125.7363
15.7947, 131.5258
15.7944, 137.5819
16.096, 143.9201
16.0957, 150.5469
16.403, 157.4825
16.4027, 164.7338
16.7159, 172.3229
16.7156, 180.2575
16.7153, 188.5574
17.0344, 197.2441
17.0341, 206.3262
17.3594, 215.8315
17.359, 225.7694
17.3587, 236.1649
17.6902, 247.0449
17.6898, 258.42
18.0276, 270.3252
18.0273, 282.7723
18.0269, 295.7925
18.3711, 309.4194
18.3708, 323.6665
18.7215, 338.5776
18.7212, 354.1674
18.7208, 370.475
19.0783, 387.5425
19.0779, 405.3869
19.0776, 424.0529
19.0772, 443.5783
19.0769, 464.0029
19.0765, 485.3678
19.0762, 507.7166
19.4404, 531.1066
19.44, 555.5614
19.4397, 581.1421
19.4393, 607.9008
19.439, 635.8915
19.4386, 665.1711
19.4382, 695.7988
19.4379, 727.8368
19.4375, 761.35
19.4372, 796.4062
19.4368, 833.0768
19.8079, 871.4559
19.8075, 911.5819
19.8072, 953.5556
19.8068, 997.4621
19.8064, 1043.3902
19.8061, 1091.433
19.8056, 1141.6879
19.8053, 1194.2568
19.805, 1249.2463
19.8046, 1306.7677
19.8042, 1366.9377
19.8039, 1429.8782
19.8035, 1495.7168
19.8031, 1564.587
19.8028, 1636.6282
19.8024, 1711.9867
19.802, 1790.815
19.8016, 1873.2729
19.8013, 1959.5276
19.8009, 2049.7539
19.8006, 2144.1346
19.8002, 2242.8611
20.1783, 2346.1877
20.1779, 2454.2178
20.1775, 2567.222
20.5628, 2685.4916
20.5624, 2809.1449
20.562, 2938.4917
20.5615, 3073.7943
20.9546, 3073.8654
20.955, 2938.5596
20.562, 2938.4917
20.176, 3073.7231
20.1764, 2938.4237
20.1768, 2809.0799
20.5624, 2809.1449
20.9554, 2809.2099
20.9558, 2685.5537
20.5631, 2567.2814
20.9562, 2567.3408
20.5635, 2454.2745
20.5638, 2346.242
20.5643, 2242.9649
20.5647, 2144.2338
20.5651, 2049.8487
20.9585, 1959.6636
20.9588, 1873.4029
20.9593, 1790.9393
20.9596, 1712.1055
20.96, 1636.7419
20.9604, 1564.6956
20.9607, 1495.8207
20.9612, 1429.9775
20.9616, 1367.0326
20.962, 1306.8584
21.363, 1249.3618
21.3634, 1194.3673
21.3638, 1141.7934
21.3642, 1091.534
21.3646, 1043.4867
21.365, 997.5544
21.3654, 953.6439
21.3658, 911.6663
21.3662, 871.5365
21.3666, 833.1731
21.367, 796.4984
21.7757, 761.4557
21.7761, 727.9379
21.7765, 695.8954
21.7769, 665.2634
21.7772, 635.9798
21.7776, 607.9851
21.7781, 581.2227
21.7785, 555.6385
21.7789, 531.1803
21.7793, 507.7988
21.7798, 485.4464
21.7802, 464.078
22.1968, 443.6604
22.1972, 424.1313
22.1977, 405.4619
22.1981, 387.6141
22.1985, 370.5522
22.1989, 354.2412
22.1993, 338.6481
22.1997, 323.7415
22.2001, 309.491
22.2005, 295.8678
22.2009, 282.8443
22.2014, 270.394
22.6261, 258.4977
22.6265, 247.1192
22.6269, 236.2414
22.6273, 225.8425
22.6278, 215.9014
22.6282, 206.3978
23.0607, 206.4026
23.5018, 197.3216
23.5023, 188.636
23.5027, 180.3326
23.9523, 172.3987
23.9527, 164.81
24.411, 157.559
24.4115, 150.6236
24.4119, 143.9933
24.8789, 137.6583
24.8794, 131.5988
24.8799, 125.8061
25.3558, 120.2711
25.3563, 114.9769
25.3568, 109.916
25.8418, 105.0801
25.8424, 100.4546
25.8428, 96.0328
26.3372, 91.8077
26.3377, 87.7666
26.3382, 83.9033
26.842, 80.2119
26.8426, 76.6811
26.8431, 73.3057
26.8436, 70.0789
26.8441, 66.9942
27.3576, 64.0467
27.881, 61.2288
28.4144, 58.5351
28.4149, 55.9585
28.9585, 53.4965
28.959, 51.1417
29.5131, 48.8917
30.0777, 46.7407
30.0783, 44.6832
30.6537, 42.7173
30.6543, 40.837
31.2407, 39.0403
31.2413, 37.3219
31.839, 35.6798
31.8396, 34.1093
32.4487, 32.6086
33.0695, 31.174
33.0701, 29.8016
33.7027, 28.4906
33.7034, 27.2365
34.3475, 27.2371
35.0046, 26.0388
35.6743, 24.8932
36.3568, 23.798
37.0523, 22.751
37.7612, 21.75
38.4836, 20.7931
39.2198, 19.8782
39.9701, 19.0037
40.7348, 18.1676
41.5141, 17.3683
42.3083, 16.6042
43.1177, 15.8737
43.9418, 15.874
44.7824, 15.1757
45.6383, 15.176
46.5114, 14.5083
47.4012, 13.87
48.3072, 13.8702
49.2313, 13.2601
50.1722, 13.2604
51.132, 12.677
52.1093, 12.6773
53.1062, 12.1195
54.1222, 11.5863
55.1566, 11.5866
56.2118, 11.0768
57.2861, 11.0771
58.381, 11.0773
59.4979, 10.5899
60.636, 10.1241
61.7962, 9.6787
62.9771, 9.6789
64.1821, 9.253
65.4087, 9.2533
66.6601, 8.8462
67.9353, 8.457
67.9365, 8.0847
69.2363, 7.729
70.5594, 7.7292
71.9094, 7.3891
73.2838, 7.3893
74.6844, 7.3895
76.1118, 7.3896
76.1132, 7.0644
77.5693, 6.7536
79.0533, 6.4564
80.5655, 6.1724
82.1069, 5.9008
83.6762, 5.901
85.277, 5.6413
86.9083, 5.3931
88.5711, 5.1559
88.5727, 4.9289
90.2671, 4.7121
90.2689, 4.5046
91.9958, 4.3065
93.7558, 4.117
93.7574, 3.9358
95.5512, 3.7626
95.553, 3.597
97.3792, 3.5971
99.2422, 3.4388
101.1389, 3.4389
103.0719, 3.439
105.0418, 3.4391
107.0514, 3.2877
109.0994, 3.1431
111.1844, 3.1432
113.3115, 3.0049
115.4793, 2.8727
117.6886, 2.7463
119.9379, 2.7464
122.2324, 2.6255
124.5708, 2.51
126.954, 2.3996
129.3804, 2.3996
131.8556, 2.2941
134.378, 2.1931
136.9489, 2.0966
139.5663, 2.0967
142.2363, 2.0045
144.9574, 1.9163
147.7306, 1.8319
150.5541, 1.8319
153.4343, 1.7513
156.3697, 1.6743
159.3612, 1.6007
162.4069, 1.6007
165.514, 1.5303
168.6804, 1.463
171.9074, 1.3986
175.193, 1.3986
178.5446, 1.3371
181.9603, 1.2783
185.4414, 1.222
188.9856, 1.2221
192.6011, 1.1683
196.2858, 1.1169
200.0409, 1.0678
203.8641, 1.0678
207.7643, 1.0208
211.7389, 0.9759
215.7898, 0.933
219.914, 0.933
224.1212, 0.8919
228.4089, 0.8527
232.7786, 0.8152
237.2275, 0.8152
241.7659, 0.7793
246.3911, 0.745
251.1048, 0.7123
255.904, 0.7123
260.7997, 0.6808
265.789, 0.651
270.8739, 0.6223
276.0509, 0.6223
281.332, 0.595
286.7142, 0.5688
292.1993, 0.5438
297.7839, 0.5438
303.4808, 0.5199
309.2867, 0.4969
315.2037, 0.4751
321.2279, 0.4751
327.3733, 0.4542
333.6362, 0.4342
340.0191, 0.4151
346.524, 0.3969
353.1468, 0.3969
359.9029, 0.3794
366.7882, 0.3627
373.8053, 0.3468
380.9565, 0.3315
388.2374, 0.3315
395.6648, 0.3169
403.2343, 0.303
410.9485, 0.2897
418.8027, 0.2897
426.8149, 0.2769
434.9803, 0.2647
443.3019, 0.253
451.7743, 0.253
460.4173, 0.242
469.2255, 0.2313
478.2023, 0.2211
487.3508, 0.2114
496.6651, 0.2114
506.1668, 0.2021
515.8502, 0.1932
525.7191, 0.1847
535.7667, 0.1847
546.0165, 0.1766
556.4624, 0.1688
567.1081, 0.1614
577.9574, 0.1543
589.0034, 0.1543
600.2717, 0.1475
611.7555, 0.141
623.459, 0.1348
635.3747, 0.1348
647.53, 0.1289
659.918, 0.1232
672.5429, 0.1178
685.4093, 0.1126
698.509, 0.1126
711.8721, 0.1077
725.491, 0.1029
739.3567, 0.1029
753.5013, 0.0984
767.9167, 0.0941
782.6077, 0.0899
797.565, 0.0899
812.8233, 0.086
828.3734, 0.0822
844.2055, 0.0822
860.3559, 0.0786
876.8155, 0.0751
893.5899, 0.0718
910.6683, 0.0718
928.0903, 0.0687
945.8457, 0.0656
963.9407, 0.0628
