logT kappa
0.0 0.0449573228972
0.01 0.0460318671729
0.02 0.0471298569549
0.03 0.048251827744
0.04 0.0493983315932
0.05 0.0505699400466
0.06 0.0517672523098
0.07 0.0529908928809
0.08 0.0542415172247
0.09 0.055519810837
0.1 0.0568264974573
0.11 0.0581623376108
0.12 0.0595281383112
0.13 0.0609247515914
0.14 0.0623530864205
0.15 0.0638141070737
0.16 0.0653088474092
0.17 0.0668384091849
0.18 0.0684039788815
0.19 0.070006826112
0.2 0.0716483229619
0.21 0.0733299427812
0.22 0.0750532817956
0.23 0.0768200587249
0.24 0.0786321381316
0.25 0.0804915314965
0.26 0.0824004214505
0.27 0.0843611651339
0.28 0.086376318122
0.29 0.0884486410889
0.3 0.0905811219172
0.31 0.0927769868577
0.32 0.0950397190535
0.33 0.097373075506
0.34 0.0997811000876
0.35 0.102268147671
0.36 0.104838889696
0.37 0.107498346768
0.38 0.110251885027
0.39 0.113105258351
0.4 0.116064594155
0.41 0.119136446063
0.42 0.122327768357
0.43 0.125645979564
0.44 0.12909892554
0.45 0.132694953941
0.46 0.136442866781
0.47 0.140352005224
0.48 0.144432193305
0.49 0.148693831981
0.5 0.153147836433
0.51 0.15780573788
0.52 0.162679617398
0.53 0.167782213696
0.54 0.173126856579
0.55 0.178727578774
0.56 0.184599051981
0.57 0.19075670092
0.58 0.197216644395
0.59 0.203995809969
0.6 0.211111881676
0.61 0.218583414124
0.62 0.226429787513
0.63 0.234671320425
0.64 0.243329231857
0.65 0.25242575238
0.66 0.26198409211
0.67 0.272028550246
0.68 0.282584487429
0.69 0.293678433845
0.7 0.305338064326
0.71 0.317592305199
0.72 0.33047131081
0.73 0.34400656912
0.74 0.358230879
0.75 0.373178454281
0.76 0.38888490208
0.77 0.405387324658
0.78 0.422724300027
0.79 0.440935980666
0.8 0.46006407858
0.81 0.480151959726
0.82 0.501244636419
0.83 0.523388856316
0.84 0.546633105493
0.85 0.571027691064
0.86 0.596624758386
0.87 0.623478366841
0.88 0.651644524494
0.89 0.681181257275
0.9 0.71214866405
0.91 0.744608980367
0.92 0.778626656448
0.93 0.814268417754
0.94 0.851603367912
0.95 0.890703049656
0.96 0.931641574235
0.97 0.974495687756
0.98 1.0193449283
0.99 1.06627170438
1.0 1.11536148087
1.01 1.16670287823
1.02 1.2203878887
1.03 1.27651200721
1.04 1.33517448
1.05 1.39647848096
1.06 1.46053139588
1.07 1.5274450617
1.08 1.59733609024
1.09 1.67032619218
1.1 1.74654254402
1.11 1.82611822334
1.12 1.90919261988
1.13 1.99591201316
1.14 2.08643002146
1.15 2.18090835513
1.16 2.27951728587
1.17 2.38243660539
1.18 2.4898560828
1.19 2.60197664574
1.2 2.7190107799
1.21 2.84118392466
1.22 2.96873476363
1.23 3.10191678857
1.24 3.24099844337
1.25 3.38626476346
1.26 3.5380173778
1.27 3.69657608958
1.28 3.86227881784
1.29 4.03548297338
1.3 4.21656553039
1.31 4.40592410529
1.32 4.60397747233
1.33 4.81116641509
1.34 5.02795510576
1.35 5.25483211072
1.36 5.49231309131
1.37 5.740942832
1.38 6.00129963335
1.39 6.27399988166
1.4 6.55970424064
1.41 6.85912702532
1.42 7.17304383358
1.43 7.5023086782
1.44 7.8478620624
1.45 8.21075923571
1.46 8.59217701671
1.47 8.99345638179
1.48 9.41610576838
1.49 9.86186017879
1.5 10.332678526
1.51 10.8308192998
1.52 11.3588300369
1.53 11.9196362765
1.54 12.5165226827
1.55 13.1532276886
1.56 13.8339182506
1.57 14.5632777224
1.58 15.3464795188
1.59 16.1892511495
1.6 17.0978557551
1.61 18.0791118315
1.62 19.1403949639
1.63 20.2895915652
1.64 21.5351353079
1.65 22.8858749528
1.66 24.3511601456
1.67 25.9406084618
1.68 27.6642528247
1.69 29.5322010125
1.7 31.5548518413
1.71 33.7424507671
1.72 36.105374561
1.73 38.6535980497
1.74 41.3970381854
1.75 44.3449579828
1.76 47.5063518486
1.77 50.8893221064
1.78 54.5014794469
1.79 58.3493341925
1.8 62.4386797657
1.81 66.7740446768
1.82 71.359023552
1.83 76.1958368522
1.84 81.2855733362
1.85 86.627903114
1.86 92.2211971298
1.87 98.0624356619
1.88 104.147174029
1.89 110.46968307
1.9 117.022735456
1.91 123.798006578
1.92 130.785662541
1.93 137.975038467
1.94 145.354017754
1.95 152.909989327
1.96 160.629018515
1.97 168.497065018
1.98 176.498959098
1.99 184.619838785
2.0 192.843960706
2.01 201.156290478
2.02 209.541194306
2.03 217.984093939
2.04 226.470101114
2.05 234.985632106
2.06 243.517059364
2.07 252.052174657
2.08 260.578938057
2.09 269.086685856
2.1 277.565054132
2.11 286.004849055
2.12 294.397209468
2.13 302.734091485
2.14 311.007712447
2.15 319.210644819
2.16 327.335554947
2.17 335.374947275
2.18 343.321179353
2.19 351.165939518
2.2 358.90048929
2.21 366.514989243
2.22 373.998896015
2.23 381.340267144
2.24 388.526226104
2.25 395.542374784
2.26 402.373238473
2.27 409.001894668
2.28 415.410320903
2.29 421.579313796
2.3 427.488684236
2.31 433.117496203
2.32 438.444082704
2.33 443.446586447
2.34 448.102801597
2.35 452.390954435
2.36 456.289405965
2.37 459.777575942
2.38 462.83556548
2.39 465.445106357
2.4 467.589178145
2.41 469.252858319
2.42 470.423013604
2.43 471.088934866
2.44 471.242177369
2.45 470.876885511
2.46 469.989842943
2.47 468.580422329
2.48 466.650886209
2.49 464.205931853
2.5 461.253260268
2.51 457.802721534
2.52 453.867145499
2.53 449.461124913
2.54 444.602079763
2.55 439.30874119
2.56 433.602404129
2.57 427.505192625
2.58 421.04144373
2.59 414.235843806
2.6 407.114880922
2.61 399.704942459
2.62 392.033773302
2.63 384.12861867
2.64 376.017630411
2.65 367.728127152
2.66 359.287899782
2.67 350.723645642
2.68 342.062135498
2.69 333.328861402
2.7 324.549039814
2.71 315.746495603
2.72 306.944488289
2.73 298.164838733
2.74 289.428576821
2.75 280.755303669
2.76 272.163668753
2.77 263.670949493
2.78 255.29337348
2.79 247.04588936
2.8 238.94235524
2.81 230.995469816
2.82 223.216851338
2.83 215.617095707
2.84 208.205771728
2.85 200.991573073
2.86 193.98225527
2.87 187.184850575
2.88 180.605570626
2.89 174.25005687
2.9 168.123270468
2.91 162.229755511
2.92 156.573534959
2.93 151.158368929
2.94 145.98767255
2.95 141.064756544
2.96 136.392780159
2.97 131.974965535
2.98 127.814596491
2.99 123.915201239
3.0 120.280605741
3.01 116.915080893
3.02 113.823457202
3.03 111.011232487
3.04 108.484752397
3.05 106.25127332
3.06 104.319210177
3.07 102.698147259
3.08 101.399150359
3.09 100.434716712
3.1 99.8191424071
3.11 99.5684026792
3.12 99.7005576909
3.13 100.235557144
3.14 101.195658334
3.15 102.605154961
3.16 104.490771878
3.17 106.881326908
3.18 109.808058397
3.19 113.304239742
3.2 117.405390596
3.21 122.148874863
3.22 127.573945979
3.23 133.721368099
3.24 140.633251811
3.25 148.352742781
3.26 156.923617357
3.27 166.390081173
3.28 176.796114297
3.29 188.185413156
3.3 200.600501039
3.31 214.082830267
3.32 228.671703959
3.33 244.4045328
3.34 261.315645203
3.35 279.436666616
3.36 298.795324351
3.37 319.415890023
3.38 341.318109124
3.39 364.517622183
3.4 389.025164736
3.41 414.8468632
3.42 441.983855992
3.43 470.432348601
3.44 500.18379981
3.45 531.224618945
3.46 563.537042106
3.47 597.098364041
3.48 631.882598779
3.49 667.859158973
3.5 704.995355232
