#DataThief C:\Users\Alex\Desktop\kappaP.png Monday 11-Mar-2013 2:47:12 PM
10.054, 3.1842
10.1995, 3.2555
10.3471, 3.3283
10.4968, 3.4027
10.6482, 3.4028
10.802, 3.4028
10.9583, 3.479
11.1169, 3.5568
11.2777, 3.6364
11.4409, 3.7177
11.6064, 3.8009
11.7744, 3.8859
11.9447, 3.9727
12.1176, 4.0617
12.2929, 4.1526
12.4708, 4.2455
12.6512, 4.3405
12.8343, 4.4376
13.02, 4.5368
13.2084, 4.6383
13.3995, 4.7421
13.5934, 4.8481
13.5939, 4.9566
13.5943, 5.0674
13.5948, 5.1807
13.7915, 5.2967
13.991, 5.4151
14.1935, 5.5363
14.3989, 5.6601
14.6072, 5.7868
14.8186, 5.9162
15.033, 6.0486
15.2505, 6.1839
15.4712, 6.3223
15.6951, 6.4637
15.9222, 6.6082
16.1526, 6.7561
16.3862, 6.9073
16.6234, 7.0618
16.8639, 7.2198
17.1078, 7.3813
17.3549, 7.3814
17.6054, 7.3815
17.8595, 7.3816
18.1179, 7.5467
18.3801, 7.7155
18.646, 7.8881
18.9158, 8.0646
19.1895, 8.245
19.4672, 8.4295
19.7489, 8.6181
20.0346, 8.8109
20.3245, 9.008
20.6186, 9.2095
20.917, 9.4156
21.2196, 9.6261
21.5267, 9.8416
21.838, 10.0617
22.1541, 10.2868
22.4747, 10.517
22.4755, 10.7521
22.4762, 10.9925
22.4769, 11.2383
22.8022, 11.4897
23.1322, 11.7468
23.4661, 11.7469
23.8056, 12.0097
24.1493, 12.0099
24.4987, 12.2785
24.8532, 12.5532
25.2128, 12.834
25.5776, 13.1212
25.9477, 13.4147
26.3232, 13.7149
26.704, 14.0217
27.0904, 14.3354
27.4824, 14.6561
27.8801, 14.984
28.2835, 15.3192
28.6926, 15.6619
29.1078, 16.0123
29.5291, 16.3705
29.9553, 16.3707
30.3888, 16.7368
30.8285, 17.1114
31.2735, 17.1116
31.7248, 17.1118
32.184, 17.4946
32.6496, 17.886
33.1221, 18.2861
33.6013, 18.6952
34.0875, 19.1134
34.5808, 19.541
35.0811, 19.9782
35.5887, 20.4251
36.1037, 20.882
36.6261, 21.3493
37.1561, 21.8269
37.6937, 22.3152
38.2391, 22.8144
38.7924, 23.3248
39.3537, 23.8466
39.9231, 24.3801
39.9245, 24.9253
39.9259, 25.4826
39.9273, 26.0524
40.505, 26.6352
41.0911, 27.2311
41.6856, 27.8403
42.2888, 28.4631
42.9007, 29.0999
43.5215, 29.7509
44.1512, 30.4165
44.7901, 31.097
45.4381, 31.7927
46.0956, 32.5039
46.7626, 33.2311
47.4376, 33.2315
48.124, 33.9748
48.8187, 33.9752
49.525, 34.7354
50.2416, 35.5125
50.9686, 36.307
51.7061, 37.1192
52.4543, 37.9496
53.2133, 38.7986
53.9832, 39.6665
54.7644, 40.554
55.5568, 41.4613
56.3607, 42.3889
57.1742, 42.3893
58.0015, 43.3377
58.8407, 44.3072
59.6921, 45.2984
60.5558, 46.3118
61.4321, 47.3479
62.321, 48.4072
62.3231, 49.4896
63.2227, 49.4901
63.2248, 50.5967
64.1375, 50.5973
65.0656, 51.7292
65.0678, 52.8859
66.007, 52.8864
66.0093, 54.0691
66.9644, 55.2787
66.9667, 56.5147
67.9334, 56.5154
67.9357, 57.779
67.9381, 59.071
68.9211, 60.3925
69.9183, 61.7436
70.9276, 61.7443
70.93, 63.1249
71.9539, 63.1256
72.995, 64.5379
72.9975, 65.9809
73.0001, 67.4563
74.0563, 68.9654
75.1279, 70.5083
76.215, 72.0856
77.3151, 72.0865
77.3178, 73.6983
78.4338, 73.6992
79.5687, 75.3479
79.5715, 77.0327
79.5742, 78.7551
80.7256, 80.5171
81.8937, 82.3184
83.0786, 84.16
84.2778, 84.1609
84.2807, 86.0428
85.4973, 86.0438
86.7344, 87.9687
86.7374, 89.9357
86.7404, 91.9466
87.9955, 94.0037
89.2687, 96.1067
90.5604, 98.2568
91.8676, 98.2579
91.8708, 100.4549
93.1969, 100.4561
94.5453, 102.7035
94.5487, 104.9999
94.5518, 107.3477
95.92, 109.7492
97.308, 112.2046
98.716, 114.7147
100.1443, 117.2811
101.5899, 117.2825
101.5934, 119.9049
103.0598, 119.9062
104.5511, 122.5888
106.0602, 122.5901
107.5949, 125.3328
109.1517, 128.1367
110.7311, 131.0033
112.3333, 133.9341
112.3372, 136.9289
113.9586, 136.9304
113.9627, 139.9922
115.6117, 143.1241
117.2805, 143.1257
118.9734, 143.1274
120.6949, 146.3294
122.4413, 149.603
124.2129, 152.9499
126.0102, 156.3716
127.8336, 159.8699
129.6832, 163.4465
131.5596, 167.1031
133.4633, 170.8415
133.4679, 174.6615
135.3945, 174.6635
135.3991, 178.569
137.3583, 182.5638
139.3458, 186.6481
141.362, 190.8237
143.4026, 190.826
145.4726, 190.8282
147.5724, 190.8304
149.7077, 195.0996
151.8739, 199.4643
151.8791, 203.9243
154.0715, 203.9266
154.0768, 208.4864
156.3062, 213.1506
158.5678, 217.9192
160.8567, 217.9217
163.1787, 217.9242
165.5398, 222.7995
165.5455, 227.7812
167.9351, 227.784
167.9407, 232.8772
170.3709, 238.0871
172.8361, 243.4135
175.3309, 243.4163
177.8617, 243.4191
180.4353, 248.8648
180.4415, 254.4294
183.0461, 254.4323
183.0524, 260.1214
185.701, 265.9407
188.3881, 271.8904
191.1074, 271.8935
193.866, 271.8965
196.6712, 277.9794
199.5169, 284.1983
202.4038, 290.5563
205.3255, 290.5596
208.2964, 297.0599
211.3104, 303.7057
214.3679, 310.5001
217.4698, 317.4465
220.6089, 317.4502
220.6164, 324.5484
223.801, 324.5521
227.0315, 324.5558
230.3165, 331.8167
233.641, 331.8205
237.0136, 331.8243
240.443, 339.2478
243.9221, 346.8373
247.4431, 346.8413
251.0235, 354.6008
254.6469, 354.6048
258.3226, 354.6089
262.0605, 362.5421
265.8524, 370.6528
269.6991, 378.9449
273.592, 378.9493
277.5509, 387.4271
281.5572, 387.4315
285.6214, 387.4359
289.7542, 396.1036
293.9468, 404.9651
298.2001, 414.0249
302.5045, 414.0296
306.8711, 414.0344
311.3114, 423.297
315.805, 423.3019
320.3636, 423.3067
324.999, 432.7768
329.6903, 432.7818
334.4607, 442.4639
339.2886, 442.4689
344.1862, 442.474
349.1663, 452.3729
354.2065, 452.378
359.3317, 462.4986
364.5185, 462.5039
369.7929, 472.8509
375.1308, 472.8564
380.5455, 472.8618
386.052, 483.4405
391.6245, 483.4461
397.2911, 494.2616
403.0259, 494.2673
408.8434, 494.2729
414.7591, 505.3307
420.7461, 505.3365
426.8194, 505.3423
432.9952, 516.6477
439.2454, 516.6536
445.5857, 516.6595
452.0177, 516.6654
458.5582, 528.2241
465.1773, 528.2302
471.9082, 540.0476
478.72, 540.0538
485.6301, 540.06
492.657, 552.1421
499.7684, 552.1484
506.9998, 564.5009
514.3182, 564.5074
521.7601, 577.1364
529.2915, 577.143
536.9317, 577.1497
544.7008, 590.0615
552.5634, 590.0683
560.5587, 603.2691
568.6502, 603.276
576.8782, 616.7724
585.2054, 616.7795
593.673, 630.5779
602.2425, 630.5851
610.9567, 644.6924
619.7755, 644.6998
628.7218, 644.7072
637.8192, 659.1304
647.0481, 673.8763
656.4106, 688.9521
665.8857, 688.96
675.5208, 704.3732
685.2717, 704.3813
695.1872, 720.1395
705.222, 720.1478
715.4017, 720.156
725.7282, 720.1643
725.7532, 736.2671
736.2545, 752.7388
746.882, 752.7473
757.6631, 752.756
757.6891, 769.5877
768.6526, 786.8047
779.7746, 804.4069
791.0304, 804.4161
802.4763, 822.4123
814.0877, 840.8111
825.8388, 840.8207
837.7883, 859.6313
849.9106, 878.8628
862.2086, 898.5245
874.6543, 898.5348
887.2796, 898.5451
900.1181, 918.6471
913.1424, 939.1988
926.3233, 939.2096
939.7268, 960.2213
953.3242, 981.7032
967.1184, 1003.6656
981.0784, 1003.6771
995.2399, 1003.6886
1009.6406, 1026.1428
1009.6754, 1049.0874
1024.2497, 1049.0994
1024.2849, 1072.5573
1039.1059, 1096.5523
1054.105, 1096.5649
1069.3206, 1096.5774
1084.7932, 1121.1098
1084.8305, 1146.1778
1100.4897, 1146.1909
1100.5276, 1171.8197
1116.4517, 1198.0354
1132.6063, 1224.8376
1148.955, 1224.8516
1165.5398, 1224.8657
1182.4046, 1252.268
1182.4453, 1280.2688
1199.5135, 1280.2833
1199.5548, 1308.9106
1216.9118, 1338.1932
1234.4775, 1338.2085
1252.3397, 1368.1466
1270.4606, 1398.7544
1288.8436, 1430.047
1307.4926, 1462.0396
1326.3658, 1462.0564
1345.5577, 1494.7651
1345.604, 1528.1881
1365.0274, 1528.2056
1365.0743, 1562.3763
1384.8264, 1597.3294
1404.8157, 1597.3477
1425.0939, 1597.366
1445.7143, 1633.1019
1445.7641, 1669.6179
1466.6332, 1669.6372
1466.6837, 1706.9703
1487.9059, 1745.1582
