#DataThief C:\Users\Alex\Documents\Magic Briefcase\Frebel Group Papers\First Stars, Metals, Dust\Plots and Data\schneider kappa\schneider ccsn.png Monday 15-Apr-2013 8:41:03 PM
9.9664, 2.6375
10.1238, 2.7044
10.2837, 2.773
10.4461, 2.8434
10.6111, 2.9156
10.7786, 2.9895
10.9489, 3.0654
11.1218, 3.1432
11.2974, 3.2229
11.4758, 3.3047
11.6571, 3.3885
11.8412, 3.4745
12.028, 3.4746
12.2179, 3.5628
12.4109, 3.6532
12.6069, 3.7459
12.806, 3.8409
13.0082, 3.9384
13.2137, 4.0383
13.4223, 4.1408
13.6343, 4.2458
13.8496, 4.3535
14.0684, 4.464
14.2905, 4.5773
14.5162, 4.6934
14.7455, 4.8125
14.9783, 4.9346
15.2149, 5.0598
15.4552, 5.1882
15.6992, 5.3197
15.9472, 5.4548
16.199, 5.5932
16.4548, 5.7351
16.7147, 5.8807
16.9787, 6.0299
17.2466, 6.03
17.5189, 6.183
17.7955, 6.3399
18.0766, 6.5008
18.362, 6.6657
18.6521, 6.8349
18.9466, 7.0083
19.2459, 7.1861
19.5497, 7.3684
19.8586, 7.5554
20.1722, 7.7471
20.4908, 7.9437
20.8144, 8.1452
21.1431, 8.3519
21.4769, 8.5638
21.8162, 8.7811
22.1607, 9.0039
22.5107, 9.2324
22.8662, 9.4666
23.2273, 9.7067
23.5941, 9.9531
23.9667, 10.2056
24.3449, 10.2059
24.7292, 10.4649
25.1199, 10.7304
25.5166, 11.0027
25.9195, 11.2818
26.3289, 11.5681
26.7447, 11.8616
27.1671, 12.1626
27.596, 12.4712
28.0319, 12.7875
28.4746, 13.1121
28.9243, 13.4447
29.3811, 13.7859
29.8451, 14.1357
30.3164, 14.4943
30.7952, 14.862
31.2814, 15.2392
31.7755, 15.6259
32.2772, 16.0224
32.7871, 16.4289
33.3049, 16.8457
33.8309, 17.2732
34.3651, 17.7114
34.9073, 17.7119
35.4586, 18.1613
36.0186, 18.6221
36.5874, 19.0947
37.1652, 19.5791
37.7522, 20.0759
38.3484, 20.5853
38.954, 21.1076
39.5692, 21.6432
40.1941, 22.1923
40.8289, 22.7553
41.4736, 23.3328
42.1286, 23.9247
42.7939, 24.5319
43.4698, 25.1543
44.1562, 25.7926
44.8536, 26.447
45.562, 27.1179
46.2814, 27.8061
47.0124, 28.5116
47.7549, 29.2351
48.509, 29.9768
49.2751, 30.7374
50.0533, 31.5173
50.8437, 32.317
51.6467, 33.137
52.4623, 33.9778
53.2909, 34.8399
54.1325, 35.7239
54.9866, 35.7248
55.855, 36.6314
56.737, 37.5608
57.6339, 39.49
58.5441, 40.4919
59.4686, 41.5192
60.4078, 42.5728
61.3618, 43.653
62.3317, 45.895
63.3161, 47.0594
64.316, 48.2536
65.3317, 49.4779
66.3635, 50.7332
67.4125, 53.339
68.4771, 54.6924
69.5586, 56.0801
70.6571, 57.503
71.7729, 58.962
72.9074, 61.9903
74.0588, 63.5632
75.2273, 63.565
76.4154, 65.1778
77.6221, 66.8316
78.8479, 68.5272
80.0944, 72.0469
81.3593, 73.8749
82.6441, 75.7494
83.9493, 77.6714
85.2751, 79.6421
86.623, 83.7325
87.991, 85.8571
89.3806, 88.0355
90.7922, 90.2692
92.226, 92.5596
93.6825, 94.9082
95.162, 97.3163
96.6649, 99.7854
98.1914, 102.3174
99.7421, 104.9135
101.3173, 107.5755
102.9174, 110.305
104.5427, 113.1037
106.1937, 115.9735
107.8708, 118.9161
109.5758, 125.0237
111.3064, 128.1959
113.0642, 131.4485
114.8498, 134.7839
116.6635, 138.2037
118.506, 141.7104
120.3775, 145.306
122.2785, 148.9929
124.2096, 152.7732
126.1712, 156.6496
128.1638, 160.6242
130.1878, 164.6998
132.2419, 164.7045
134.3304, 168.8835
136.4518, 173.1686
138.6067, 177.5624
140.7936, 177.5675
143.0172, 182.0729
145.2758, 186.6926
147.5701, 191.4296
149.9005, 196.2867
152.2679, 201.2671
154.6726, 206.3739
157.1131, 206.3797
159.5943, 211.6162
162.1147, 216.9856
164.6726, 216.9917
167.2732, 222.4975
169.9148, 228.1429
172.5981, 233.9316
175.324, 239.8671
178.0903, 239.8739
180.9028, 245.9603
183.7597, 252.201
186.6617, 258.6
189.6096, 265.1616
192.6013, 265.1691
195.643, 271.8973
198.7299, 271.905
201.8683, 278.804
205.0563, 285.878
208.2917, 285.8862
211.5812, 293.14
214.9226, 300.5779
218.3136, 300.5864
221.7614, 308.2132
225.2604, 308.2219
228.8178, 316.0425
232.4348, 332.2744
236.1022, 332.2839
239.8308, 340.7149
243.6149, 340.7246
247.4622, 349.3698
251.3667, 349.3797
255.3365, 358.2445
259.3652, 358.2547
263.4575, 358.2648
267.6181, 367.3551
271.8407, 367.3655
276.1338, 376.6867
280.4907, 376.6974
284.9203, 386.2553
289.4159, 386.2663
293.9823, 386.2772
298.625, 396.0783
303.3368, 396.0895
308.1273, 406.1395
312.9889, 406.151
317.9318, 416.4563
322.9482, 416.4681
328.0484, 427.0352
333.2244, 427.0473
338.4868, 437.8828
343.8276, 437.8952
349.2575, 449.0059
354.7682, 449.0187
360.3709, 460.4116
366.0568, 460.4247
371.8326, 460.4377
377.6994, 460.4508
383.6642, 472.1338
389.7177, 472.1472
395.8723, 484.127
402.1185, 484.1408
408.4689, 496.4249
414.9139, 496.439
421.4665, 509.0351
428.1164, 509.0496
434.8713, 509.064
441.7391, 521.9805
448.7088, 521.9952
455.7887, 522.0101
462.9868, 535.2551
470.2919, 535.2703
477.7189, 548.8517
485.2565, 548.8673
492.913, 548.8828
500.6902, 548.8984
508.5974, 562.8256
516.6221, 562.8416
524.7809, 577.1226
533.061, 577.139
541.4794, 591.7827
550.023, 591.7995
558.7093, 606.8153
567.5247, 606.8325
576.4873, 622.2297
585.5833, 622.2473
594.8311, 638.0356
604.2165, 638.0537
613.7586, 654.2431
623.4426, 654.2616
633.2883, 670.8622
643.2805, 670.8812
653.4395, 687.9035
663.759, 705.3577
674.2319, 705.3777
684.8798, 723.2753
695.6958, 741.627
706.6726, 741.648
717.8328, 760.4659
729.1588, 760.4875
740.6741, 779.7833
752.3713, 799.5688
764.2423, 799.5915
776.3117, 819.8796
788.5716, 840.6824
801.0138, 840.7062
813.6639, 862.0375
826.5138, 883.91
839.5546, 883.9351
852.8134, 906.3632
866.2692, 906.3889
879.9498, 929.3868
893.8465, 952.9681
907.9497, 952.9952
922.2886, 977.1755
936.8406, 977.2032
951.6357, 1001.9979
966.6644, 1027.4216
981.9167, 1027.4506
997.4237, 1053.5203
1013.1756, 1080.2513
1029.1616, 1080.2819
1045.4147, 1107.692
1061.9245, 1135.7974
1078.6951, 1164.616
1095.7304, 1194.1659
1113.0348, 1224.4656
1130.6125, 1255.534
1148.4678, 1287.3907
1166.5885, 1287.4272
1185.0119, 1320.0931
1203.7263, 1353.5878
1222.7362, 1387.9325
1242.0464, 1423.1486
1261.6615, 1459.2582
1281.5864, 1496.284
1301.8258, 1534.2493
1322.3851, 1573.1778
1343.2499, 1573.2225
1364.4633, 1613.1399
1386.0117, 1654.0702
1407.9003, 1696.0389
1430.1144, 1696.087
1452.6996, 1739.1219
1475.6415, 1783.2487
1498.9243, 1783.2993
1475.6623, 1828.4433
1498.9031, 1739.2206
1522.5314, 1696.2795
1546.5543, 1696.3276
1570.9561, 1696.3757
1595.7654, 1739.4179
1620.9667, 1783.5522
1646.5426, 1783.6028
1672.5457, 1828.8582
1698.9595, 1875.2619
1725.7905, 1922.843
1753.0452, 1971.6313
1780.7302, 2021.6576
1808.8526, 2072.9532
1837.419, 2125.5503
1866.4101, 2125.6106
1895.8855, 2179.5438
1925.8264, 2234.8454
