#DataThief C:\Users\Alex\Desktop\sfs04.png Tuesday 26-Feb-2013 7:41:55 PM
9.1022e-4, -9.8976
9.1023e-4, -9.8568
9.1865e-4, -9.8161
9.2714e-4, -9.7753
9.3571e-4, -9.7346
9.4435e-4, -9.7346
9.5306e-4, -9.7347
9.6187e-4, -9.6939
9.7076e-4, -9.6532
9.7974e-4, -9.6124
9.888e-4, -9.5716
9.8882e-4, -9.5309
9.9796e-4, -9.4902
9.9798e-4, -9.4494
9.98e-4, -9.4086
1.0072e-3, -9.3678
1.0165e-3, -9.3271
1.0259e-3, -9.3271
1.0259e-3, -9.2863
1.0354e-3, -9.2864
1.045e-3, -9.2864
1.0546e-3, -9.2457
1.0644e-3, -9.2049
1.0644e-3, -9.1642
1.0644e-3, -9.1234
1.0644e-3, -9.0826
1.0743e-3, -9.0418
1.0842e-3, -9.0011
1.0942e-3, -8.9603
1.1043e-3, -8.9196
1.1145e-3, -8.8788
1.1146e-3, -8.838
1.1249e-3, -8.7973
1.1353e-3, -8.7566
1.1458e-3, -8.7158
1.1564e-3, -8.6751
1.1671e-3, -8.6343
1.1778e-3, -8.5936
1.1887e-3, -8.5528
1.1888e-3, -8.5121
1.1997e-3, -8.4713
1.2108e-3, -8.4306
1.222e-3, -8.3898
1.2333e-3, -8.3491
1.2447e-3, -8.3083
1.2562e-3, -8.2676
1.2679e-3, -8.2268
1.2796e-3, -8.1861
1.2914e-3, -8.1453
1.3033e-3, -8.1454
1.3153e-3, -8.1454
1.3154e-3, -8.1046
1.3275e-3, -8.1047
1.3275e-3, -8.0639
1.3398e-3, -8.0639
1.3398e-3, -8.0231
1.3522e-3, -8.0232
1.3647e-3, -7.9824
1.3773e-3, -7.9417
1.3773e-3, -7.9009
1.39e-3, -7.8601
1.4029e-3, -7.8194
1.4159e-3, -7.7787
1.429e-3, -7.7379
1.4422e-3, -7.6972
1.4555e-3, -7.6564
1.469e-3, -7.6157
1.469e-3, -7.5749
1.469e-3, -7.5341
1.4826e-3, -7.4934
1.4963e-3, -7.4526
1.5101e-3, -7.4119
1.5241e-3, -7.3711
1.5382e-3, -7.3304
1.5524e-3, -7.2896
1.5668e-3, -7.2489
1.5813e-3, -7.2081
1.5959e-3, -7.1674
1.6106e-3, -7.1267
1.6255e-3, -7.0859
1.6405e-3, -7.0452
1.6557e-3, -7.0044
1.671e-3, -6.9637
1.6865e-3, -6.9229
1.7021e-3, -6.8822
1.7178e-3, -6.8822
1.7336e-3, -6.8822
1.7496e-3, -6.8415
1.7658e-3, -6.8008
1.7821e-3, -6.76
1.7986e-3, -6.7193
1.8152e-3, -6.6785
1.832e-3, -6.6378
1.849e-3, -6.597
1.8661e-3, -6.5563
1.8833e-3, -6.5154
1.9007e-3, -6.4748
1.9183e-3, -6.4341
1.936e-3, -6.3933
1.9539e-3, -6.3526
1.972e-3, -6.3526
1.9902e-3, -6.3119
2.0086e-3, -6.2711
2.0272e-3, -6.2304
2.0272e-3, -6.1896
2.0459e-3, -6.1896
2.0459e-3, -6.1488
2.0648e-3, -6.1489
2.0649e-3, -6.1081
2.0839e-3, -6.1081
2.0839e-3, -6.0673
2.1032e-3, -6.0674
2.1226e-3, -6.0266
2.1422e-3, -6.0267
2.162e-3, -5.9859
2.182e-3, -5.9452
2.2022e-3, -5.9043
2.2225e-3, -5.8637
2.2431e-3, -5.823
2.2638e-3, -5.7822
2.2847e-3, -5.7415
2.3059e-3, -5.7006
2.3272e-3, -5.66
2.3272e-3, -5.6192
2.3487e-3, -5.6192
2.3487e-3, -5.5784
2.3704e-3, -5.5785
2.3705e-3, -5.5377
2.3923e-3, -5.5377
2.4144e-3, -5.5377
2.4367e-3, -5.4969
2.4368e-3, -5.4562
2.4592e-3, -5.4563
2.482e-3, -5.4155
2.5049e-3, -5.3748
2.5281e-3, -5.334
2.5515e-3, -5.2933
2.575e-3, -5.2525
2.5989e-3, -5.2118
2.6229e-3, -5.1711
2.6471e-3, -5.1303
2.6716e-3, -5.0896
2.6962e-3, -5.0896
2.7212e-3, -5.0489
2.7463e-3, -5.0081
2.7717e-3, -5.0082
2.7973e-3, -4.9674
2.8232e-3, -4.9266
2.8493e-3, -4.8859
2.8756e-3, -4.8452
2.9022e-3, -4.8044
2.929e-3, -4.8045
2.956e-3, -4.7637
2.9834e-3, -4.7229
3.0109e-3, -4.6822
3.0388e-3, -4.6415
3.0669e-3, -4.6007
3.0952e-3, -4.6008
3.1238e-3, -4.56
3.1527e-3, -4.5192
3.1818e-3, -4.4785
3.2112e-3, -4.4378
3.2409e-3, -4.397
3.2709e-3, -4.3563
3.3011e-3, -4.3155
3.3316e-3, -4.2748
3.3624e-3, -4.2749
3.3935e-3, -4.2341
3.4248e-3, -4.1934
3.4564e-3, -4.1934
3.4884e-3, -4.1527
3.5206e-3, -4.1118
3.5532e-3, -4.0712
3.586e-3, -4.0304
3.6191e-3, -4.0305
3.6526e-3, -3.9897
3.6864e-3, -3.9489
3.7204e-3, -3.9082
3.7548e-3, -3.9083
3.7895e-3, -3.8675
3.8245e-3, -3.8268
3.8598e-3, -3.8268
3.8955e-3, -3.7861
3.9315e-3, -3.7452
3.9678e-3, -3.7046
4.0045e-3, -3.6638
4.0415e-3, -3.6639
4.0788e-3, -3.6231
4.1165e-3, -3.5824
4.1546e-3, -3.5415
4.193e-3, -3.5009
4.2318e-3, -3.4601
4.2708e-3, -3.4602
4.3103e-3, -3.4194
4.3501e-3, -3.3787
4.3903e-3, -3.3787
4.4309e-3, -3.338
4.4718e-3, -3.2972
4.5131e-3, -3.2973
4.5548e-3, -3.2565
4.5969e-3, -3.2158
4.6393e-3, -3.2158
4.6822e-3, -3.1751
4.7255e-3, -3.1343
4.7692e-3, -3.0936
4.8133e-3, -3.0528
4.8577e-3, -3.0529
4.9026e-3, -3.0121
4.9479e-3, -2.9714
4.9937e-3, -2.9306
5.0398e-3, -2.8899
5.0399e-3, -2.8491
5.0865e-3, -2.8084
5.0866e-3, -2.7675
5.0867e-3, -2.7268
5.1338e-3, -2.686
5.1339e-3, -2.6453
5.1812e-3, -2.6453
5.1813e-3, -2.6045
5.2292e-3, -2.5638
5.2293e-3, -2.523
5.1816e-3, -2.4822
5.2293e-3, -2.523
5.2775e-3, -2.5638
5.3261e-3, -2.6046
5.3752e-3, -2.6047
5.4248e-3, -2.6047
5.4748e-3, -2.6048
5.5253e-3, -2.6048
5.5764e-3, -2.5641
5.628e-3, -2.5232
5.6799e-3, -2.5234
5.7324e-3, -2.4826
5.7854e-3, -2.4419
5.8388e-3, -2.4419
5.8927e-3, -2.4012
5.9471e-3, -2.4012
6.0021e-3, -2.3604
6.0576e-3, -2.3197
6.1135e-3, -2.3197
6.17e-3, -2.279
6.2269e-3, -2.279
6.2845e-3, -2.2383
6.3426e-3, -2.1975
6.4011e-3, -2.1976
6.4603e-3, -2.1568
6.52e-3, -2.1161
6.5801e-3, -2.1161
6.641e-3, -2.0754
6.7022e-3, -2.0754
6.7642e-3, -2.0347
6.8266e-3, -2.0347
6.8897e-3, -1.994
6.9533e-3, -1.994
7.0176e-3, -1.9533
7.0823e-3, -1.9533
7.1478e-3, -1.9125
7.2139e-3, -1.8718
7.2804e-3, -1.8719
7.3477e-3, -1.8311
7.4155e-3, -1.8312
7.4841e-3, -1.7904
7.5531e-3, -1.7905
7.6229e-3, -1.7497
7.6932e-3, -1.7497
7.7644e-3, -1.709
7.836e-3, -1.709
7.9084e-3, -1.6683
7.9816e-3, -1.6276
8.0552e-3, -1.6276
8.1297e-3, -1.5868
8.2047e-3, -1.5869
8.2803e-3, -1.5869
8.3569e-3, -1.5462
8.434e-3, -1.5462
8.512e-3, -1.5055
8.5907e-3, -1.4647
8.6699e-3, -1.4647
8.7499e-3, -1.4647
8.8308e-3, -1.4241
8.9124e-3, -1.3833
8.9947e-3, -1.3834
9.0776e-3, -1.3834
9.1614e-3, -1.3834
9.2461e-3, -1.3427
9.3314e-3, -1.3427
9.4176e-3, -1.302
9.5045e-3, -1.302
9.5924e-3, -1.2612
9.6809e-3, -1.2612
9.7704e-3, -1.2206
9.8605e-3, -1.2206
9.9517e-3, -1.1799
0.01, -1.1799
0.0101, -1.1392
0.0102, -1.1392
0.0103, -1.1393
0.0104, -1.1393
0.0105, -1.0985
0.0106, -1.0986
0.0107, -1.0578
0.0108, -1.0579
0.0109, -1.0171
0.011, -1.0172
0.0111, -1.0172
0.0112, -1.0173
0.0113, -0.9765
0.0114, -0.9766
0.0115, -0.9766
0.0116, -0.9358
0.0117, -0.9359
0.0119, -0.9359
0.012, -0.8952
0.0121, -0.8952
0.0122, -0.8545
0.0123, -0.8545
0.0124, -0.8546
0.0125, -0.8546
0.0126, -0.8138
0.0128, -0.8138
0.0129, -0.8138
0.013, -0.7732
0.0131, -0.7732
0.0132, -0.7732
0.0134, -0.7325
0.0135, -0.7326
0.0136, -0.7326
0.0137, -0.6919
0.0139, -0.6919
0.014, -0.6919
0.0141, -0.692
0.0142, -0.692
0.0144, -0.6513
0.0145, -0.6513
0.0146, -0.6514
0.0148, -0.6106
0.0149, -0.6107
0.015, -0.6107
0.0152, -0.6107
0.0153, -0.6108
0.0155, -0.6108
0.0156, -0.5701
0.0158, -0.5701
0.0159, -0.5702
0.016, -0.5702
0.0162, -0.5702
0.0163, -0.5295
0.0165, -0.5295
0.0166, -0.5295
0.0168, -0.5295
0.017, -0.5297
0.0171, -0.4889
0.0173, -0.4889
0.0174, -0.4889
0.0176, -0.4889
0.0178, -0.4891
0.0179, -0.4891
0.0181, -0.4891
0.0182, -0.4892
0.0184, -0.4892
0.0186, -0.4485
0.0188, -0.4485
0.0189, -0.4485
0.0191, -0.4485
0.0193, -0.4485
0.0195, -0.4487
0.0196, -0.4487
0.0198, -0.4487
0.02, -0.4487
0.0202, -0.4489
0.0204, -0.4489
0.0206, -0.4489
0.0208, -0.4082
0.0209, -0.4082
0.0211, -0.4083
0.0213, -0.4083
0.0215, -0.4083
0.0217, -0.4083
0.0219, -0.4083
0.0221, -0.4085
0.0223, -0.4085
0.0225, -0.4086
0.0228, -0.4086
0.023, -0.4086
0.0232, -0.4087
0.0234, -0.4087
0.0236, -0.4088
0.0238, -0.4088
0.024, -0.4088
0.0243, -0.4089
0.0245, -0.4089
0.0247, -0.409
0.0249, -0.409
0.0252, -0.4498
0.0254, -0.4499
0.0256, -0.4499
0.0259, -0.4907
0.0261, -0.4908
0.0263, -0.4908
0.0266, -0.4909
0.0268, -0.4909
0.0271, -0.4909
0.0273, -0.491
0.0276, -0.491
0.0278, -0.491
0.0281, -0.5319
0.0284, -0.5319
0.0286, -0.532
0.0289, -0.532
0.0291, -0.5321
0.0294, -0.5729
0.0297, -0.5729
0.03, -0.573
0.0302, -0.573
0.0305, -0.573
0.0308, -0.5731
0.0311, -0.6139
0.0314, -0.6139
0.0317, -0.6139
0.032, -0.6548
0.0322, -0.6549
0.0325, -0.6549
0.0328, -0.6549
0.0331, -0.655
0.0335, -0.6958
0.0338, -0.6958
0.0341, -0.6959
0.0344, -0.7367
0.0347, -0.7368
0.035, -0.7368
0.0352, -0.7776
0.0357, -0.7776
0.036, -0.8185
0.0363, -0.8185
0.0367, -0.8186
0.037, -0.8594
0.0373, -0.8594
0.0377, -0.8595
0.038, -0.9003
0.0384, -0.9003
0.0387, -0.9412
0.0391, -0.9412
0.0395, -0.9413
0.0398, -0.9821
0.0402, -0.9821
0.0406, -1.023
0.0409, -1.023
0.0413, -1.023
0.0417, -1.0639
0.0421, -1.0639
0.0425, -1.1047
0.0429, -1.1048
0.0433, -1.1456
0.0436, -1.1456
0.0441, -1.1865
0.0445, -1.1865
0.0449, -1.2273
0.0453, -1.2274
0.0457, -1.2682
0.0461, -1.2682
0.0465, -1.3091
0.047, -1.3091
0.0474, -1.3498
0.0478, -1.35
0.0483, -1.3908
0.0487, -1.3908
0.0492, -1.4317
0.0496, -1.4317
0.0501, -1.4725
0.0505, -1.5133
0.051, -1.5542
0.0515, -1.5542
0.052, -1.5543
0.0524, -1.5951
0.0524, -1.6359
0.0529, -1.6766
0.0534, -1.6768
0.0539, -1.6768
0.0544, -1.7176
0.0549, -1.7585
0.0554, -1.7585
0.0559, -1.7993
0.0564, -1.8401
0.0569, -1.8401
0.0575, -1.881
0.058, -1.9218
0.0585, -1.9627
0.0591, -1.9627
0.0596, -2.0035
0.0602, -2.0444
0.0607, -2.0852
0.0613, -2.126
0.0618, -2.1261
0.0624, -2.1669
0.063, -2.2077
0.0636, -2.2485
0.0642, -2.2894
0.0647, -2.2894
0.0647, -2.3302
0.0653, -2.3302
0.0659, -2.3711
0.0666, -2.4119
0.0672, -2.4527
0.0678, -2.4935
0.0684, -2.5344
0.069, -2.5752
0.0697, -2.616
0.0703, -2.6569
0.071, -2.6569
0.0716, -2.6977
0.0723, -2.7385
0.0729, -2.7793
0.0729, -2.8202
0.0735, -2.8202
0.0735, -2.861
0.0743, -2.9018
0.075, -2.9426
0.0757, -2.9835
0.0764, -3.0243
0.0764, -3.0651
0.0771, -3.1059
0.0778, -3.1467
0.0785, -3.1876
0.0792, -3.2284
0.0799, -3.2692
0.0799, -3.31
0.0807, -3.3508
0.0814, -3.3917
0.0822, -3.4325
0.0829, -3.4733
0.0836, -3.5141
0.0836, -3.5549
0.0845, -3.555
0.0844, -3.5958
0.0844, -3.6364
0.0844, -3.6773
0.0852, -3.7182
0.086, -3.7182
0.086, -3.759
0.0868, -3.759
0.0876, -3.7999
0.0876, -3.8406
0.0876, -3.8814
0.0884, -3.9223
0.0884, -3.963
0.0892, -4.0039
0.09, -4.0039
0.09, -4.0447
0.0909, -4.0447
0.0909, -4.0855
0.0917, -4.1263
0.0925, -4.1672
0.0925, -4.208
0.0934, -4.208
0.0934, -4.2488
0.0943, -4.2896
0.0943, -4.3304
0.0951, -4.3712
0.0951, -4.412
0.096, -4.4527
0.0969, -4.4937
0.0969, -4.5345
0.0977, -4.5345
0.0977, -4.5753
0.0977, -4.616
0.0987, -4.6569
0.0987, -4.6977
0.0987, -4.7385
0.0996, -4.7793
0.1005, -4.8201
0.1014, -4.861
0.1014, -4.9017
0.1023, -4.9426
0.1023, -4.9834
0.1023, -5.0241
0.1023, -5.0649
0.1033, -5.1058
0.1042, -5.1466
0.1052, -5.1874
0.1052, -5.2282
0.1052, -5.269
0.1062, -5.3098
0.1071, -5.3506
0.1071, -5.3914
0.1081, -5.4322
0.1081, -5.4729
0.1081, -5.5138
0.1081, -5.5546
0.1091, -5.5954
0.1101, -5.6362
0.1111, -5.6771
0.1111, -5.7179
0.1111, -5.7587
0.1121, -5.7995
0.1121, -5.8403
0.1121, -5.8811
0.1121, -5.9218
0.1132, -5.9627
0.1142, -6.0035
0.1142, -6.0443
0.1153, -6.0851
0.1153, -6.1259
0.1152, -6.1667
0.1152, -6.2075
0.1163, -6.2483
0.1174, -6.2891
0.1174, -6.3299
0.1174, -6.3707
0.1185, -6.4115
0.1185, -6.4523
0.1184, -6.4931
0.1195, -6.5339
0.1195, -6.5747
0.1195, -6.6155
0.1206, -6.6562
0.1206, -6.6971
0.1206, -6.7379
0.1217, -6.7787
0.1217, -6.8195
0.1217, -6.8603
0.1229, -6.9011
0.124, -6.942
0.124, -6.9827
0.124, -7.0235
0.1251, -7.0644
0.1251, -7.1051
0.1251, -7.1459
0.1263, -7.1868
0.1263, -7.2275
0.1263, -7.2683
0.1274, -7.3092
0.1274, -7.3498
0.1274, -7.3907
0.1286, -7.4316
0.1286, -7.4723
0.1286, -7.5131
0.1286, -7.5539
0.1298, -7.5947
0.1298, -7.6355
0.131, -7.6356
0.131, -7.6764
0.131, -7.717
0.131, -7.7579
0.131, -7.7987
0.131, -7.8395
0.1322, -7.8803
0.1322, -7.9211
0.1322, -7.9619
0.132, -8.0027
0.1334, -8.0435
0.1334, -8.0843
0.1346, -8.1251
0.1346, -8.1659
0.1346, -8.2067
0.1358, -8.2475
0.1358, -8.2883
0.1358, -8.3291
0.1358, -8.3699
0.1358, -8.4107
0.1371, -8.4515
0.1371, -8.4923
0.1371, -8.5331
0.1371, -8.5739
0.1383, -8.6147
0.1383, -8.6555
0.1396, -8.6555
0.1396, -8.6963
0.1396, -8.737
0.1396, -8.7779
0.1396, -8.8187
0.1396, -8.8595
0.1409, -8.9003
0.1409, -8.9411
0.1421, -8.9411
0.1421, -8.9819
0.1421, -9.0227
0.1421, -9.0635
0.1421, -9.1043
0.1435, -9.1451
0.1435, -9.1859
0.1434, -9.2267
0.1434, -9.2674
0.1448, -9.3083
0.1448, -9.3491
0.1448, -9.3898
0.1448, -9.4306
0.1448, -9.4714
0.1448, -9.5122
0.1461, -9.553
0.1461, -9.5937
0.1461, -9.6346
0.1474, -9.6754
0.1474, -9.7162
0.1474, -9.757
0.1488, -9.7978
0.1488, -9.8386
